3
2
-7.719728
-10.707772
-19.695815
-24.683858
-21.671901
-16.659944
-14.647987
-17.636030
-21.624074
-16.612117
-6.600160
-1.588203
-0.576246
-2.564289
-3.552332
-4.540376
-7.528419
-18.516462
-33.504505
-40.492548
-48.480591
-57.468635
-61.456678
-56.444721
-48.432764
-38.420807
-24.408850
-4.396893
17.615063
31.627020
43.638977
50.650934
53.662891
56.674848
52.686805
47.698761
37.710718
32.722675
32.734632
32.746589
25.758546
16.770503
18.782459
28.794416
36.806373
37.818330
34.830287
28.842244
19.854201
9.866157
1.878114
-8.109929
-12.097972
-13.086015
8.925942
34.937898
60.949855
75.961812
85.973769
90.985726
93.997683
95.009640
94.021596
87.033553
80.045510
76.057467
78.069424
80.081381
82.093338
80.105294
78.117251
77.129208
78.141165
77.153122
72.165079
58.177036
51.188992
52.200949
53.212906
47.224863
32.236820
17.248777
12.260734
15.272690
17.284647
15.296604
16.308561
19.320518
25.332475
28.344432
30.356388
30.368345
29.380302
22.392259
10.404216
1.416173
-4.571871
-4.559914
-2.547957
-1.536000
-8.524043
-15.512086
-12.500129
-0.488173
11.523784
16.535741
20.547698
21.559655
22.571612
29.583569
41.595525
56.607482
68.619439
78.631396
86.643353
92.655310
91.667267
89.679223
81.691180
68.703137
60.715094
63.727051
73.739008
78.750965
76.762921
72.774878
61.786835
43.798792
21.810749
6.822706
4.834663
6.846619
5.858576
-0.129467
-10.117510
-20.105553
-19.093596
-13.081640
-8.069683
-5.057726
-1.045769
4.966188
14.978145
25.990102
39.002058
48.014015
48.025972
49.037929
39.049886
20.061843
-11.926200
-40.914244
-45.902287
-41.890330
-39.878373
-36.866416
-33.854459
-32.842502
-34.830546
-36.818589
-32.806632
-19.794675
-4.782718
11.229239
16.241196
18.253152
20.265109
18.277066
17.289023
14.300980
9.312937
5.324893
2.336850
-7.651193
-27.639236
-48.627279
-52.615322
-47.603365
-46.591409
-54.579452
-66.567495
-69.555538
-65.543581
-64.531624
-68.519667
-66.507711
-55.495754
-46.483797
-43.471840
-45.459883
-51.447926
-59.435969
-68.424013
-69.412056
-69.400099
-67.388142
-67.376185
-70.364228
-73.352271
-73.340315
-62.328358
-34.316401
1.695556
30.707513
41.719470
38.731427
45.743383
55.755340
61.767297
64.779254
65.791211
68.803168
70.815124
73.827081
75.839038
76.850995
71.862952
55.874909
26.886866
5.898822
1.910779
5.922736
11.934693
16.946650
18.958607
22.970564
27.982520
33.994477
42.006434
45.018391
40.030348
29.042305
22.054262
21.066218
18.078175
5.090132
-17.897911
-41.885954
-42.873997
-17.862040
9.149916
29.161873
47.173830
62.185787
72.197744
75.209701
76.221658
70.233614
54.245571
23.257528
3.269485
-14.718558
-41.706601
-73.694645
-104.682688
-129.670731
-168.658774
-187.646817
-192.634860
-184.622903
-175.610947
-171.598990
-171.587033
-175.575076
-181.563119
-186.551162
-185.539205
-184.527249
-190.515292
-196.503335
-196.491378
-187.479421
-169.467464
-133.455507
-118.443551
-108.431594
-102.419637
-89.407680
-70.395723
-47.383766
-27.371809
-17.359853
-13.347896
-16.335939
-18.323982
-19.312025
-23.300068
-35.288112
-49.276155
-58.264198
-64.252241
-77.240284
-101.228327
-115.216370
-112.204414
-105.192457
-101.180500
-101.168543
-102.156586
-107.144629
-114.132672
-127.120716
-135.108759
-134.096802
-131.084845
-133.072888
-137.060931
-133.048974
-123.037018
-114.025061
-109.013104
-109.001147
-110.989190
-118.977233
-125.965276
-132.953320
-132.941363
-130.929406
-126.917449
-120.905492
-113.893535
-105.881578
-95.869622
-82.857665
-69.845708
-55.833751
-40.821794
-27.809837
-16.797881
-7.785924
1.226033
8.237990
13.249947
16.261904
17.273861
25.285817
36.297774
47.309731
57.321688
73.333645
86.345602
96.357559
101.369515
103.381472
105.393429
109.405386
114.417343
120.429300
130.441257
142.453213
151.465170
157.477127
161.489084
162.501041
158.512998
150.524955
132.536911
99.548868
52.560825
9.572782
-24.415261
-39.403304
-40.391347
-40.379391
-42.367434
-36.355477
-21.343520
-5.331563
7.680394
17.692350
29.704307
39.716264
49.728221
58.740178
66.752135
65.764092
59.776048
48.788005
33.799962
18.811919
8.823876
14.835833
37.847790
55.859746
63.871703
65.883660
64.895617
69.907574
81.919531
99.931488
113.943444
121.955401
124.967358
125.979315
123.991272
124.003229
124.015186
124.027142
126.039099
131.051056
135.063013
136.074970
127.086927
109.098883
93.110840
79.122797
66.134754
60.146711
58.158668
48.170625
28.182581
2.194538
-9.793505
-7.781548
-2.769591
-2.757634
-5.745677
-10.733721
-17.721764
-26.709807
-35.697850
-45.685893
-55.673936
-68.661979
-81.650023
-89.638066
-89.626109
-86.614152
-77.602195
-68.590238
-64.578281
-64.566325
-65.554368
-60.542411
-48.530454
-38.518497
-34.506540
-32.494583
-30.482627
-31.470670
-30.458713
-30.446756
-32.434799
-38.422842
-48.410886
-59.398929
-64.386972
-65.375015
-65.363058
-67.351101
-74.339144
-85.327188
-93.315231
-100.303274
-107.291317
-110.279360
-109.267403
-107.255446
-107.243490
-111.231533
-115.219576
-125.207619
-138.195662
-166.183705
-186.171748
-199.159792
-197.147835
-183.135878
-165.123921
-147.111964
-143.100007
-141.088050
-142.076094
-145.064137
-162.052180
-164.040223
-144.028266
-127.016309
-114.004353
-106.992396
-108.980439
-112.968482
-114.956525
-113.944568
-110.932611
-110.920655
-118.908698
-134.896741
-161.884784
-176.872827
-197.860870
-220.848913
-225.836957
-218.825000
-214.813043
-210.801086
-203.789129
-188.777172
-168.765215
-129.753259
-104.741302
-74.729345
-51.717388
-35.705431
-28.693474
-27.681517
-26.669561
-25.657604
-19.645647
-14.633690
-9.621733
-7.609776
-5.597819
-6.585863
-6.573906
-8.561949
-13.549992
-19.538035
-24.526078
-26.514122
-31.502165
-35.490208
-36.478251
-33.466294
-31.454337
-35.442380
-47.430424
-56.418467
-52.406510
-44.394553
-29.382596
-14.370639
-1.358682
5.653274
9.665231
12.677188
7.689145
-2.298898
-4.286941
6.725016
17.736972
21.748929
20.760886
20.772843
15.784800
2.796757
-9.191286
-7.179330
-1.167373
0.844584
-1.143459
-2.131502
-3.119545
-7.107588
-9.095632
-10.083675
-12.071718
-14.059761
-14.047804
-14.035847
-14.023891
-14.011934
-14.999977
-21.988020
-28.976063
-33.964106
-35.952149
-42.940193
-54.928236
-70.916279
-91.904322
-109.892365
-115.880408
-112.868451
-110.856495
-105.844538
-103.832581
-99.820624
-98.808667
-92.796710
-87.784753
-82.772797
-79.760840
-77.748883
-74.736926
-80.724969
-93.713012
-104.701055
-97.689099
-91.677142
-91.665185
-94.653228
-100.641271
-106.629314
-119.617358
-122.605401
-112.593444
-98.581487
-88.569530
-83.557573
-79.545616
-66.533660
-50.521703
-38.509746
-32.497789
-28.485832
-23.473875
-20.461918
-11.449962
3.561995
19.573952
28.585909
33.597866
38.609823
39.621780
36.633736
29.645693
22.657650
16.669607
11.681564
7.693521
5.705478
7.717434
12.729391
20.741348
24.753305
22.765262
21.777219
26.789176
32.801132
39.813089
49.825046
67.837003
83.848960
94.860917
100.872873
101.884830
105.896787
113.908744
117.920701
119.932658
124.944615
128.956571
131.968528
134.980485
139.992442
145.004399
149.016356
152.028313
156.040269
162.052226
167.064183
164.076140
146.088097
113.100054
73.112011
33.123967
15.135924
18.147881
28.159838
39.171795
55.183752
71.195709
77.207665
81.219622
89.231579
97.243536
103.255493
106.267450
105.279407
106.291363
105.303320
100.315277
86.327234
68.339191
58.351148
62.363104
68.375061
64.387018
47.398975
34.410932
28.422889
23.434846
12.446802
-0.541241
-6.529284
-8.517327
-7.505370
0.506587
18.518544
32.530500
42.542457
49.554414
55.566371
59.578328
63.590285
60.602242
54.614198
48.626155
45.638112
38.650069
16.662026
-4.326017
-9.314060
-3.302104
-1.290147
-3.278190
-3.266233
-1.254276
-1.242319
-2.230363
-4.218406
-2.206449
-0.194492
0.817465
-2.170578
-14.158621
-26.146665
-26.134708
-12.122751
4.889206
10.901163
9.913120
3.925077
-10.062967
-30.051010
-42.039053
-54.027096
-74.015139
-114.003182
-163.991225
-193.979269
-215.967312
-234.955355
-250.943398
-261.931441
-270.919484
-274.907527
-268.895571
-253.883614
-240.871657
-231.859700
-223.847743
-209.835786
-187.823829
-170.811873
-161.799916
-161.787959
-170.776002
-186.764045
-201.752088
-209.740132
-213.728175
-212.716218
-203.704261
-188.692304
-174.680347
-146.668390
-128.656434
-117.644477
-111.632520
-107.620563
-99.608606
-82.596649
-60.584692
-35.572736
-12.560779
12.451178
35.463135
56.475092
80.487049
101.499006
120.510962
132.522919
140.534876
141.546833
142.558790
142.570747
141.582704
135.594660
127.606617
119.618574
115.630531
113.642488
106.654445
97.666402
90.678358
86.690315
87.702272
91.714229
94.726186
97.738143
98.750099
98.762056
96.774013
95.785970
102.797927
114.809884
122.821841
123.833797
116.845754
97.857711
72.869668
40.881625
11.893582
-1.094461
9.917495
21.929452
26.941409
25.953366
23.965323
19.977280
9.989237
0.001193
-1.986850
3.025107
6.037064
10.049021
15.060978
20.072935
25.084891
28.096848
30.108805
27.120762
22.132719
23.144676
31.156632
37.168589
36.180546
31.192503
22.204460
9.216417
-9.771626
-27.759670
-40.747713
-52.735756
-52.723799
-42.711842
-32.699885
-25.687928
-20.675972
-9.664015
1.347942
11.359899
18.371856
25.383813
30.395770
32.407726
31.419683
25.431640
16.443597
0.455554
-6.532489
-5.520532
-9.508576
-30.496619
-48.484662
-59.472705
-67.460748
-74.448791
-84.436834
-91.424878
-99.412921
-105.400964
-110.389007
-110.377050
-108.365093
-110.353137
-117.341180
-124.329223
-132.317266
-143.305309
-168.293352
-182.281395
-196.269439
-208.257482
-213.245525
-210.233568
-209.221611
-204.209654
-192.197697
-174.185741
-159.173784
-135.161827
-120.149870
-108.137913
-98.125956
-87.113999
-71.102043
-56.090086
-49.078129
-48.066172
-46.054215
-45.042258
-43.030301
-40.018345
-37.006388
-36.994431
-39.982474
-42.970517
-48.958560
-55.946603
-61.934647
-66.922690
-64.910733
-59.898776
-47.886819
-36.874862
-34.862906
-39.850949
-42.838992
-31.827035
-4.815078
13.196879
15.208836
9.220792
7.232749
7.244706
0.256663
-9.731380
-17.719423
-10.707466
7.304490
29.316447
55.328404
71.340361
78.352318
77.364275
71.376232
49.388188
20.400145
-8.587898
-29.575941
-47.563984
-57.552027
-51.540070
-39.528114
-25.516157
-11.504200
-2.492243
0.519714
-3.468329
-11.456373
-19.444416
-21.432459
-20.420502
-20.408545
-22.396588
-25.384631
-13.372675
7.639282
29.651239
45.663196
55.675153
58.687110
55.699067
53.711023
58.722980
69.734937
76.746894
79.758851
80.770808
76.782765
68.794721
66.806678
81.818635
96.830592
104.842549
107.854506
108.866463
109.878419
109.890376
108.902333
106.914290
105.926247
105.938204
105.950161
105.962117
100.974074
92.986031
78.997988
57.009945
39.021902
29.033858
36.045815
45.057772
56.069729
63.081686
67.093643
68.105600
68.117556
68.129513
69.141470
67.153427
59.165384
43.177341
29.189298
35.201254
53.213211
65.225168
70.237125
70.249082
68.261039
63.272996
61.284952
79.296909
105.308866
127.320823
145.332780
157.344737
168.356694
172.368650
159.380607
141.392564
134.404521
138.416478
140.428435
134.440392
126.452348
118.464305
115.476262
113.488219
102.500176
73.512133
24.524089
-18.463954
-57.451997
-83.440040
-95.428083
-96.416126
-97.404169
-101.392213
-100.380256
-94.368299
-83.356342
-74.344385
-69.332428
-66.320471
-72.308515
-77.296558
-74.284601
-64.272644
-57.260687
-53.248730
-54.236773
-59.224817
-75.212860
-91.200903
-94.188946
-82.176989
-68.165032
-61.153075
-58.141119
-58.129162
-56.117205
-38.105248
-14.093291
13.918666
35.930622
51.942579
62.954536
67.966493
66.978450
62.990407
50.002364
29.014320
11.026277
4.038234
6.050191
9.062148
8.074105
7.086062
7.098018
10.109975
17.121932
26.133889
31.145846
31.157803
32.169760
36.181716
39.193673
41.205630
40.217587
39.229544
33.241501
25.253458
16.265414
4.277371
-10.710672
-25.698715
-43.686758
-65.674801
-81.662844
-88.650888
-83.638931
-75.626974
-67.615017
-60.603060
-57.591103
-57.579147
-55.567190
-49.555233
-40.543276
-26.531319
-17.519362
-11.507405
-10.495449
-12.483492
-14.471535
-21.459578
-25.447621
-24.435664
-22.423707
-22.411751
-18.399794
-8.387837
-0.375880
1.636077
2.648034
2.659991
11.671947
22.683904
28.695861
28.707818
25.719775
27.731732
34.743689
41.755645
43.767602
44.779559
46.791516
47.803473
45.815430
44.827386
45.839343
48.851300
56.863257
60.875214
58.887171
55.899128
57.911084
72.923041
90.934998
99.946955
100.958912
99.970869
96.982826
88.994782
70.006739
52.018696
38.030653
25.042610
18.054567
26.066524
36.078480
41.090437
43.102394
40.114351
37.126308
30.138265
18.150222
4.162178
-2.825865
0.186092
7.198049
9.210006
16.221963
36.233920
57.245876
75.257833
85.269790
90.281747
93.293704
95.305661
92.317617
78.329574
46.341531
6.353488
-29.634555
-56.622598
-74.610641
-81.598685
-74.586728
-57.574771
-39.562814
-23.550857
-15.538900
-15.526943
-22.514987
-35.503030
-48.491073
-56.479116
-62.467159
-76.455202
-89.443245
-98.431289
-103.419332
-113.407375
-125.395418
-125.383461
-113.371504
-102.359547
-93.347591
-89.335634
-86.323677
-81.311720
-76.299763
-70.287806
-61.275849
-47.263893
-34.251936
-25.239979
-19.228022
-16.216065
-13.204108
-11.192152
-8.180195
-3.168238
-0.156281
-1.144324
-9.132367
-23.120410
-36.108454
-46.096497
-61.084540
-75.072583
-99.060626
-123.048669
-133.036712
-130.024756
-131.012799
-137.000842
-133.988885
-117.976928
-101.964971
-89.953014
-78.941058
-67.929101
-60.917144
-54.905187
-48.893230
-42.881273
-39.869316
-37.857360
-34.845403
-32.833446
-33.821489
-38.809532
-40.797575
-41.785619
-39.773662
-36.761705
-29.749748
-21.737791
-16.725834
-18.713877
-23.701921
-31.689964
-37.678007
-43.666050
-45.654093
-47.642136
-50.630179
-47.618223
-36.606266
-27.594309
-25.582352
-28.570395
-32.558438
-37.546481
-38.534525
-37.522568
-37.510611
-41.498654
-48.486697
-50.474740
-45.462783
-41.450827
-40.438870
-37.426913
-33.414956
-30.402999
-33.391042
-44.379085
-67.367129
-98.355172
-125.343215
-128.331258
-113.319301
-97.307344
-86.295388
-80.283431
-78.271474
-77.259517
-75.247560
-70.235603
-67.223646
-64.211690
-58.199733
-53.187776
-47.175819
-42.163862
-36.151905
-33.139948
-32.127992
-34.116035
-34.104078
-34.092121
-38.080164
-48.068207
-59.056250
-68.044294
-75.032337
-79.020380
-83.008423
-85.996466
-88.984509
-90.972552
-92.960596
-92.948639
-82.936682
-70.924725
-58.912768
-53.900811
-52.888854
-47.876898
-31.864941
-14.852984
-5.841027
-3.829070
-2.817113
1.194843
5.206800
8.218757
11.230714
19.242671
12.254628
7.266585
1.278541
-2.709502
-9.697545
-22.685588
-37.673631
-48.661674
-57.649717
-65.637761
-61.625804
-43.613847
-21.601890
-12.589933
-12.577976
-15.566019
-18.554063
-12.542106
-6.530149
-1.518192
1.493765
4.505722
7.517679
9.529635
3.541592
-9.446451
-25.434494
-27.422537
-19.410580
-11.398624
-7.386667
-2.374710
-0.362753
-1.350796
-2.338839
-5.326882
-8.314926
-6.302969
4.708988
11.720945
10.732902
5.744859
8.756816
21.768772
31.780729
32.792686
29.804643
19.816600
3.828557
-15.159486
-35.147530
-48.135573
-55.123616
-55.111659
-47.099702
-32.087745
-8.075788
14.936168
37.948125
54.960082
64.972039
74.983996
87.995953
101.007910
106.019866
105.031823
98.043780
89.055737
84.067694
84.079651
86.091607
88.103564
91.115521
95.127478
98.139435
99.151392
98.163349
98.175305
104.187262
112.199219
115.211176
112.223133
103.235090
88.247047
77.259003
68.270960
63.282917
62.294874
59.306831
49.318788
35.330745
28.342701
14.354658
-2.633385
-11.621428
-15.609471
-23.597514
-37.585557
-49.573601
-59.561644
-66.549687
-67.537730
-56.525773
-46.513816
-39.501859
-35.489903
-29.477946
-23.465989
-16.454032
-1.442075
18.569882
32.581838
36.593795
39.605752
47.617709
56.629666
60.641623
62.653580
62.665536
63.677493
66.689450
73.701407
77.713364
74.725321
64.737278
51.749234
47.761191
47.773148
46.785105
52.797062
65.809019
78.820976
89.832932
96.844889
99.856846
99.868803
92.880760
78.892717
66.904674
66.916630
66.928587
58.940544
36.952501
17.964458
9.976415
9.988371
16.000328
29.012285
38.024242
39.036199
32.048156
19.060113
20.072069
42.084026
73.095983
97.107940
114.119897
127.131854
138.143811
149.155767
157.167724
163.179681
163.191638
162.203595
157.215552
154.227509
146.239465
132.251422
106.263379
71.275336
37.287293
3.299250
-22.688793
-37.676837
-42.664880
-43.652923
-47.640966
-50.629009
-52.617052
-50.605095
-49.593139
-52.581182
-53.569225
-48.557268
-44.545311
-31.533354
-14.521398
7.490559
33.502516
47.514473
52.526430
55.538387
58.550344
55.562300
47.574257
35.586214
30.598171
23.610128
5.622085
-19.365958
-35.354002
-40.342045
-37.330088
-34.318131
-35.306174
-38.294217
-44.282260
-56.270304
-78.258347
-97.246390
-97.234433
-88.222476
-86.210519
-88.198562
-94.186606
-93.174649
-83.162692
-69.150735
-53.138778
-41.126821
-30.114864
-18.102908
-7.090951
2.921006
9.932963
18.944920
23.956877
23.968833
15.980790
0.992747
-17.995296
-24.983339
-21.971382
-13.959425
-9.947469
-2.935512
7.076445
15.088402
17.100359
11.112316
1.124273
-4.863771
-1.851814
4.160143
10.172100
14.184057
17.196014
28.207971
45.219927
64.231884
80.243841
89.255798
94.267755
99.279712
103.291669
106.303625
112.315582
118.327539
126.339496
134.351453
138.363410
136.375366
127.387323
122.399280
118.411237
111.423194
96.435151
76.447108
55.459064
46.471021
49.482978
61.494935
69.506892
71.518849
70.530806
67.542762
66.554719
72.566676
87.578633
102.590590
110.602547
112.614504
111.626460
101.638417
83.650374
62.662331
44.674288
32.686245
36.698202
47.710158
57.722115
59.734072
56.746029
48.757986
33.769943
9.781900
-10.206144
-18.194187
-17.182230
-16.170273
-22.158316
-32.146359
-41.134403
-50.122446
-61.110489
-70.098532
-79.086575
-78.074618
-69.062661
-58.050705
-50.038748
-44.026791
-40.014834
-39.002877
-43.990920
-49.978963
-43.967007
-32.955050
-19.943093
-8.931136
1.080821
9.092778
17.104735
25.116691
31.128648
37.140605
43.152562
49.164519
54.176476
59.188433
65.200389
71.212346
73.224303
80.236260
87.248217
92.260174
93.272131
92.284087
97.296044
112.308001
126.319958
129.331915
123.343872
109.355828
87.367785
69.379742
56.391699
42.403656
28.415613
16.427570
5.439526
-0.548517
-1.536560
0.475397
4.487354
11.499311
18.511268
23.523224
29.535181
38.547138
49.559095
64.571052
76.583009
92.594966
106.606922
114.618879
113.630836
106.642793
94.654750
79.666707
67.678664
62.690620
71.702577
82.714534
86.726491
84.738448
82.750405
84.762361
86.774318
86.786275
79.798232
68.810189
49.822146
29.834103
15.846059
9.858016
4.869973
-5.118070
-16.106113
-13.094156
10.917801
38.929757
63.941714
71.953671
84.965628
99.977585
110.989542
117.001499
119.013455
119.025412
108.037369
81.049326
52.061283
25.073240
6.085197
-2.902847
-4.890890
-1.878933
1.133024
4.144981
3.156938
-9.831105
-31.819149
-46.807192
-44.795235
-38.783278
-37.771321
-36.759364
-30.747408
-14.735451
5.276506
23.288463
34.300420
52.312377
59.324334
65.336290
65.348247
61.360204
52.372161
45.384118
42.396075
42.408032
37.419988
30.431945
20.443902
5.455859
-9.532184
-14.520227
-12.508270
-7.496314
-6.484357
-9.472400
-15.460443
-23.448486
-39.436529
-58.424572
-68.412616
-73.400659
-80.388702
-91.376745
-96.364788
-97.352831
-104.340875
-118.328918
-121.316961
-102.305004
-73.293047
-50.281090
-31.269133
-8.257177
12.754780
28.766737
37.778694
36.790651
31.802608
21.814565
11.826521
1.838478
-10.149565
-27.137608
-45.125651
-54.113694
-54.101737
-50.089781
-46.077824
-40.065867
-32.053910
-25.041953
-15.029996
-2.018039
14.993917
27.005874
35.017831
41.029788
44.041745
45.053702
43.065659
43.077615
45.089572
48.101529
49.113486
51.125443
53.137400
55.149356
54.161313
54.173270
56.185227
56.197184
52.209141
44.221098
38.233054
38.245011
47.256968
58.268925
63.280882
64.292839
61.304796
60.316752
59.328709
60.340666
65.352623
70.364580
74.376537
72.388494
67.400450
63.412407
63.424364
65.436321
65.448278
65.460235
70.472192
75.484148
78.496105
77.508062
74.520019
69.531976
60.543933
45.555890
28.567846
13.579803
2.591760
-6.396283
-10.384326
-1.372369
23.639587
55.651544
81.663501
100.675458
106.687415
105.699372
104.711329
102.723285
94.735242
81.747199
72.759156
69.771113
65.783070
59.795027
57.806983
57.818940
54.830897
53.842854
52.854811
47.866768
38.878725
37.890681
44.902638
49.914595
50.926552
47.938509
47.950466
44.962423
40.974379
30.986336
19.998293
6.010250
-16.977793
-28.965836
-26.953880
-19.941923
-13.929966
-9.918009
-6.906052
-5.894095
-6.882138
-8.870182
-9.858225
-5.846268
-0.834311
0.177646
-4.810397
-13.798440
-27.786484
-41.774527
-42.762570
-20.750613
4.261344
19.273301
17.285258
13.297214
5.309171
-9.678872
-30.666915
-44.654958
-51.643001
-49.631044
-44.619088
-41.607131
-39.595174
-47.583217
-56.571260
-64.559303
-61.547346
-51.535390
-41.523433
-40.511476
-48.499519
-66.487562
-87.475605
-98.463649
-100.451692
-97.439735
-90.427778
-81.415821
-74.403864
-63.391907
-54.379951
-46.367994
-38.356037
-31.344080
-24.332123
-15.320166
-2.308209
17.703747
33.715704
43.727661
49.739618
51.751575
53.763532
59.775489
64.787445
64.799402
62.811359
58.823316
50.835273
36.847230
16.859187
2.871143
3.883100
14.895057
19.907014
20.918971
21.930928
23.942885
27.954841
28.966798
26.978755
25.990712
29.002669
34.014626
35.026582
34.038539
37.050496
41.062453
44.074410
41.086367
35.098324
39.110280
56.122237
73.134194
82.146151
86.158108
89.170065
89.182022
87.193978
85.205935
91.217892
99.229849
105.241806
108.253763
111.265720
113.277676
119.289633
123.301590
125.313547
125.325504
124.337461
122.349418
110.361374
97.373331
91.385288
93.397245
89.409202
77.421159
69.433115
71.445072
77.457029
82.468986
82.480943
84.492900
91.504857
98.516813
102.528770
104.540727
112.552684
124.564641
137.576598
141.588555
142.600511
144.612468
146.624425
144.636382
136.648339
128.660296
125.672253
125.684209
124.696166
124.708123
126.720080
127.732037
121.743994
111.755951
105.767907
101.779864
96.791821
91.803778
74.815735
42.827692
-0.160351
-36.148395
-70.136438
-97.124481
-125.112524
-165.100567
-196.088610
-218.076654
-224.064697
-216.052740
-196.040783
-172.028826
-152.016869
-129.004912
-111.992956
-94.980999
-75.969042
-55.957085
-31.945128
-7.933171
13.078786
34.090742
49.102699
58.114656
61.126613
64.138570
66.150527
63.162484
55.174440
48.186397
40.198354
31.210311
26.222268
27.234225
36.246182
48.258138
52.270095
54.282052
52.294009
50.305966
49.317923
47.329880
40.341836
33.353793
27.365750
28.377707
30.389664
36.401621
42.413577
45.425534
39.437491
23.449448
-3.538595
-31.526638
-47.514681
-48.502725
-49.490768
-62.478811
-71.466854
-68.454897
-59.442940
-53.430983
-52.419027
-50.407070
-46.395113
-44.383156
-42.371199
-40.359242
-37.347285
-25.335329
-9.323372
9.688585
23.700542
32.712499
37.724456
40.736413
44.748369
47.760326
49.772283
49.784240
43.796197
37.808154
38.820110
45.832067
48.844024
45.855981
41.867938
40.879895
40.891852
34.903808
16.915765
1.927722
-0.060321
-0.048364
-9.036407
-21.024450
-21.012494
2.999463
29.011420
48.023377
58.035334
63.047291
65.059248
66.071204
65.083161
65.095118
64.107075
61.119032
50.130989
23.142946
-10.845098
-36.833141
-44.821184
-45.809227
-48.797270
-59.785313
-69.773356
-77.761400
-77.749443
-55.737486
-22.725529
13.286428
37.298385
53.310341
57.322298
59.334255
57.346212
52.358169
46.370126
46.382083
48.394039
46.405996
35.417953
25.429910
19.441867
19.453824
20.465781
20.477737
16.489694
11.501651
3.513608
-4.474435
-6.462478
-3.450521
1.561435
6.573392
5.585349
-4.402694
-12.390737
-13.378780
-9.366823
-6.354867
-8.342910
-11.330953
-19.318996
-30.307039
-42.295082
-54.283125
-64.271169
-70.259212
-76.247255
-80.235298
-84.223341
-85.211384
-86.199428
-85.187471
-84.175514
-77.163557
-60.151600
-45.139643
-33.127686
-24.115730
-21.103773
-16.091816
-8.079859
4.932098
13.944055
18.956012
24.967968
30.979925
33.991882
32.003839
35.015796
47.027753
60.039710
70.051666
77.063623
88.075580
99.087537
109.099494
118.111451
126.123408
136.135364
144.147321
150.159278
147.171235
136.183192
127.195149
120.207105
113.219062
101.231019
88.242976
73.254933
62.266890
62.278847
72.290803
81.302760
89.314717
97.326674
103.338631
109.350588
120.362545
130.374501
143.386458
153.398415
160.410372
169.422329
177.434286
181.446243
180.458199
178.470156
172.482113
166.494070
157.506027
151.517984
149.529941
146.541897
140.553854
130.565811
122.577768
110.589725
94.601682
64.613639
25.625595
4.637552
4.649509
15.661466
30.673423
49.685380
68.697336
83.709293
88.721250
87.733207
80.745164
67.757121
46.769078
30.781034
23.792991
18.804948
17.816905
18.828862
17.840819
14.852776
10.864732
9.876689
13.888646
18.900603
17.912560
23.924517
43.936474
64.948430
78.960387
82.972344
83.984301
82.996258
79.008215
69.020172
59.032128
49.044085
44.056042
37.067999
22.079956
2.091913
-19.896131
-38.884174
-64.872217
-81.860260
-86.848303
-85.836346
-87.824389
-99.812433
-116.800476
-143.788519
-164.776562
-184.764605
-185.752648
-169.740691
-145.728735
-114.716778
-96.704821
-78.692864
-64.680907
-50.668950
-39.656993
-22.645037
-0.633080
22.378877
42.390834
52.402791
59.414748
63.426705
67.438661
69.450618
74.462575
80.474532
82.486489
76.498446
66.510403
52.522359
43.534316
47.546273
66.558230
85.570187
93.582144
96.594100
100.606057
107.618014
114.629971
118.641928
119.653885
113.665842
94.677798
70.689755
55.701712
49.713669
34.725626
2.737583
-38.250460
-81.238504
-98.226547
-89.214590
-74.202633
-59.190676
-43.178719
-25.166762
-9.154806
-2.142849
3.869108
12.881065
30.893022
48.904979
59.916936
65.928892
73.940849
89.952806
100.964763
104.976720
105.988677
110.000634
112.012590
110.024547
99.036504
78.048461
52.060418
25.072375
8.084331
13.096288
34.108245
56.120202
72.132159
77.144116
79.156073
81.168029
84.179986
83.191943
74.203900
55.215857
41.227814
34.239771
35.251727
37.263684
41.275641
46.287598
55.299555
60.311512
63.323469
56.335425
46.347382
24.359339
9.371296
8.383253
14.395210
19.407167
18.419123
11.431080
-4.556963
-23.545006
-42.533049
-51.521092
-69.509136
-89.497179
-113.485222
-149.473265
-161.461308
-156.449351
-140.437394
-105.425438
-87.413481
-78.401524
-75.389567
-74.377610
-75.365653
-83.353696
-94.341740
-106.329783
-115.317826
-127.305869
-123.293912
-111.281955
-98.269998
-93.258042
-91.246085
-90.234128
-89.222171
-91.210214
-93.198257
-95.186300
-110.174344
-148.162387
-173.150430
-174.138473
-157.126516
-144.114559
-141.102602
-142.090646
-145.078689
-151.066732
-159.054775
-169.042818
-168.030861
-154.018905
-138.006948
-110.994991
-104.983034
-93.971077
-84.959120
-79.947163
-78.935207
-78.923250
-76.911293
-70.899336
-58.887379
-47.875422
-40.863465
-37.851509
-37.839552
-31.827595
-20.815638
-10.803681
-6.791724
-9.779767
-15.767811
-28.755854
-46.743897
-65.731940
-80.719983
-94.708026
-109.696069
-142.684113
-165.672156
-193.660199
-224.648242
-244.636285
-243.624328
-216.612371
-187.600415
-165.588458
-154.576501
-144.564544
-124.552587
-114.540630
-108.528674
-101.516717
-88.504760
-72.492803
-54.480846
-41.468889
-38.456932
-34.444976
-32.433019
-30.421062
-26.409105
-22.397148
-19.385191
-19.373234
-21.361278
-25.349321
-33.337364
-44.325407
-55.313450
-63.301493
-66.289536
-48.277580
-20.265623
-2.253666
0.758291
-3.229752
-18.217795
-43.205838
-77.193882
-102.181925
-123.169968
-146.158011
-158.146054
-166.134097
-164.122141
-153.110184
-139.098227
-116.086270
-101.074313
-82.062356
-60.050399
-40.038443
-25.026486
-20.014529
-20.002572
-27.990615
-41.978658
-48.966701
-45.954745
-45.942788
-54.930831
-61.918874
-53.906917
-37.894960
-23.883003
-18.871047
-16.859090
-14.847133
-10.835176
-1.823219
10.188738
22.200695
30.212651
38.224608
48.236565
60.248522
71.260479
78.272436
80.284393
79.296349
74.308306
70.320263
67.332220
68.344177
69.356134
70.368090
69.380047
70.392004
70.403961
70.415918
70.427875
72.439832
73.451788
74.463745
71.475702
66.487659
59.499616
47.511573
44.523530
48.535486
53.547443
53.559400
50.571357
38.583314
18.595271
-1.392772
-6.380816
-0.368859
6.643098
9.655055
10.667012
14.678969
23.690926
34.702882
46.714839
54.726796
59.738753
62.750710
62.762667
58.774624
53.786580
44.798537
38.810494
35.822451
36.834408
41.846365
45.858321
46.870278
44.882235
34.894192
12.906149
-19.081894
-36.069937
-31.057981
-16.046024
-5.034067
-2.022110
-2.010153
-4.998196
-11.986239
-28.974283
-54.962326
-90.950369
-118.938412
-136.926455
-111.914498
-94.902541
-83.890585
-77.878628
-65.866671
-46.854714
-37.842757
-35.830800
-36.818843
-37.806887
-43.794930
-61.782973
-85.771016
-93.759059
-86.747102
-77.735146
-75.723189
-81.711232
-74.699275
-48.687318
-17.675361
5.336596
9.348552
9.360509
18.372466
27.384423
31.396380
28.408337
20.420294
13.432250
13.444207
19.456164
24.468121
25.480078
21.492035
5.503992
-12.484052
-22.472095
-31.460138
-37.448181
-27.436224
-10.424267
8.587690
34.599646
58.611603
79.623560
86.635517
86.647474
86.659431
91.671388
96.683344
97.695301
96.707258
96.719215
99.731172
99.743129
92.755085
80.767042
75.778999
81.790956
90.802913
105.814870
117.826827
119.838783
115.850740
102.862697
73.874654
55.886611
46.898568
39.910525
23.922481
1.934438
-6.053605
-2.041648
5.970309
7.982266
10.994223
15.006179
19.018136
20.030093
18.042050
9.054007
0.065964
-10.922079
-21.910123
-33.898166
-49.886209
-56.874252
-51.862295
-42.850338
-30.838381
-18.826425
-9.814468
0.197489
3.209446
7.221403
10.233360
9.245316
5.257273
1.269230
2.281187
5.293144
3.305101
2.317058
1.329014
-2.659029
-9.647072
-21.635115
-31.623158
-31.611201
-24.599244
-19.587288
-25.575331
-42.563374
-71.551417
-98.539460
-110.527503
-105.515546
-97.503590
-92.491633
-92.479676
-92.467719
-92.455762
-89.443805
-86.431848
-83.419892
-79.407935
-76.395978
-72.384021
-64.372064
-53.360107
-42.348151
-39.336194
-42.324237
-48.312280
-44.300323
-31.288366
-17.276409
-7.264453
-2.252496
0.759461
2.771418
6.783375
10.795332
14.807289
15.819245
11.831202
7.843159
5.855116
8.867073
14.879030
20.890987
26.902943
31.914900
38.926857
42.938814
41.950771
37.962728
34.974685
26.986641
15.998598
2.010555
-17.977488
-46.965531
-85.953574
-110.941617
-115.929661
-99.917704
-75.905747
-52.893790
-36.881833
-23.869876
-12.857920
7.154037
28.165994
46.177951
59.189908
64.201865
65.213822
59.225778
39.237735
11.249692
-5.738351
-14.726394
-13.714437
-9.702480
-4.690524
2.321433
9.333390
14.345347
19.357304
21.369261
26.381218
30.393174
32.405131
30.417088
24.429045
16.441002
14.452959
14.464916
12.476872
4.488829
-6.499214
-15.487257
-18.475300
-14.463343
-9.451386
-8.439430
-15.427473
-22.415516
-20.403559
-14.391602
-15.379645
-28.367689
-46.355732
-50.343775
-38.331818
-21.319861
-3.307904
15.704053
30.716009
43.727966
51.739923
57.751880
61.763837
66.775794
70.787751
73.799707
73.811664
72.823621
64.835578
53.847535
35.859492
18.871449
13.883405
4.895362
-7.092681
-14.080724
-11.068767
-6.056810
-8.044853
-14.032897
-14.020940
-4.008983
10.002974
24.014931
35.026888
45.038844
50.050801
48.062758
44.074715
38.086672
31.098629
23.110586
16.122542
14.134499
20.146456
29.158413
32.170370
28.182327
12.194284
-20.793760
-55.781803
-78.769846
-81.757889
-78.745932
-81.733975
-82.722018
-73.710062
-62.698105
-55.686148
-55.674191
-56.662234
-53.650277
-50.638320
-50.626364
-55.614407
-61.602450
-65.590493
-68.578536
-72.566579
-73.554622
-67.542666
-55.530709
-45.518752
-40.506795
-35.494838
-25.482881
-5.470925
6.541032
14.552989
15.564946
13.576903
7.588860
2.600817
3.612773
6.624730
6.636687
2.648644
-3.339399
-7.327442
-11.315485
-13.303529
-14.291572
-13.279615
-10.267658
-8.255701
-6.243744
-5.231787
-4.219831
-3.207874
-0.195917
5.816040
9.827997
8.839954
7.851911
10.863867
16.875824
20.887781
19.899738
14.911695
10.923652
16.935608
32.947565
47.959522
57.971479
62.983436
64.995393
63.007350
65.019306
68.031263
70.043220
69.055177
67.067134
66.079091
65.091048
63.103004
55.114961
45.126918
37.138875
30.150832
28.162789
27.174746
25.186702
21.198659
15.210616
10.222573
3.234530
1.246487
-0.741556
-1.729600
-0.717643
-4.705686
-5.693729
-10.681772
-19.669815
-29.657858
-34.645902
-34.633945
-37.621988
-43.610031
-52.598074
-56.586117
-55.574161
-51.562204
-48.550247
-49.538290
-51.526333
-56.514376
-67.502419
-82.490463
-86.478506
-74.466549
-60.454592
-50.442635
-38.430678
-28.418721
-20.406765
-13.394808
-5.382851
6.629106
15.641063
21.653020
27.664977
33.676933
35.688890
36.700847
36.712804
32.724761
27.736718
22.748675
23.760631
29.772588
36.784545
39.796502
39.808459
36.820416
34.832373
32.844329
29.856286
29.868243
32.880200
36.892157
39.904114
38.916070
37.928027
35.939984
31.951941
23.963898
15.975855
16.987812
23.999768
28.011725
25.023682
24.035639
22.047596
18.059553
12.071510
-0.916534
-20.904577
-46.892620
-80.880663
-110.868706
-147.856749
-165.844792
-173.832836
-171.820879
-161.808922
-140.796965
-113.785008
-98.773051
-89.761094
-79.749138
-68.737181
-53.725224
-38.713267
-21.701310
-3.689353
12.322603
31.334560
54.346517
71.358474
80.370431
82.382388
84.394345
85.406301
83.418258
81.430215
87.442172
100.454129
109.466086
114.478043
118.489999
120.501956
125.513913
131.525870
135.537827
135.549784
131.561741
125.573697
122.585654
118.597611
114.609568
105.621525
98.633482
99.645439
106.657395
109.669352
105.681309
102.693266
97.705223
91.717180
78.729137
59.741093
49.753050
55.765007
69.776964
80.788921
88.800878
95.812834
101.824791
108.836748
116.848705
123.860662
123.872619
117.884576
106.896532
96.908489
89.920446
84.932403
80.944360
78.956317
76.968274
72.980230
67.992187
65.004144
63.016101
62.028058
66.040015
76.051972
82.063928
84.075885
79.087842
65.099799
39.111756
13.123713
-6.864330
-9.852374
-1.840417
10.171540
16.183497
21.195454
26.207411
27.219368
22.231324
15.243281
15.255238
21.267195
35.279152
45.291109
55.303065
65.315022
73.326979
79.338936
79.350893
76.362850
70.374807
64.386763
59.398720
52.410677
43.422634
38.434591
38.446548
40.458505
41.470461
38.482418
34.494375
29.506332
20.518289
11.530246
9.542203
10.554159
15.566116
16.578073
10.590030
-1.398013
-13.386056
-16.374099
-8.362143
0.649814
1.661771
-0.326272
-4.314315
-13.302358
-24.290402
-30.278445
-39.266488
-52.254531
-60.242574
-58.230617
-55.218660
-58.206704
-62.194747
-59.182790
-49.170833
-40.158876
-41.146919
-42.134962
-45.123006
-48.111049
-46.099092
-37.087135
-30.075178
-28.063221
-31.051264
-33.039308
-35.027351
-36.015394
-36.003437
-34.991480
-34.979523
-39.967566
-49.955610
-53.943653
-52.931696
-57.919739
-68.907782
-85.895825
-97.883868
-104.871912
-105.859955
-103.847998
-103.836041
-111.824084
-140.812127
-162.800171
-184.788214
-193.776257
-192.764300
-184.752343
-182.740386
-178.728429
-175.716473
-173.704516
-169.692559
-164.680602
-159.668645
-158.656688
-156.644731
-152.632775
-139.620818
-108.608861
-87.596904
-71.584947
-63.572990
-55.561033
-43.549077
-31.537120
-26.525163
-25.513206
-24.501249
-20.489292
-16.477335
-17.465379
-25.453422
-45.441465
-66.429508
-69.417551
-51.405594
-31.393637
-21.381681
-21.369724
-20.357767
-20.345810
-17.333853
-12.321896
-5.309940
7.702017
24.713974
39.725931
46.737888
49.749845
48.761802
41.773758
32.785715
30.797672
37.809629
46.821586
50.833543
54.845500
57.857456
61.869413
63.881370
67.893327
70.905284
74.917241
78.929198
81.941154
81.953111
83.965068
83.977025
90.988982
84.000939
81.012896
77.024852
74.036809
74.048766
76.060723
80.072680
82.084637
82.096593
80.108550
84.120507
87.132464
84.144421
69.156378
40.168335
2.180291
-22.807752
-28.795795
-21.783838
-15.771881
-11.759924
2.252033
32.263989
61.275946
81.287903
92.299860
94.311817
91.323774
81.335731
62.347687
48.359644
47.371601
57.383558
69.395515
75.407472
77.419429
74.431385
71.443342
61.455299
42.467256
26.479213
16.491170
11.503127
7.515083
10.527040
11.538997
11.550954
5.562911
-2.425132
-22.413176
-40.401219
-42.389262
-32.377305
-19.365348
-8.353391
2.658566
15.670522
24.682479
35.694436
43.706393
48.718350
49.730307
47.742264
54.754220
70.766177
87.778134
95.790091
100.802048
106.814005
111.825962
114.837918
112.849875
102.861832
85.873789
68.885746
53.897703
39.909660
26.921616
24.933573
29.945530
32.957487
35.969444
47.981401
60.993358
69.005314
72.017271
72.029228
67.041185
50.053142
18.065099
-9.922945
-34.910988
-46.899031
-34.887074
3.124883
37.136840
65.148797
81.160753
90.172710
92.184667
94.196624
102.208581
116.220538
129.232495
138.244451
145.256408
152.268365
155.280322
157.292279
159.304236
161.316193
164.328149
167.340106
170.352063
171.364020
170.375977
167.387934
156.399891
141.411847
134.423804
136.435761
138.447718
130.459675
122.471632
120.483588
119.495545
114.507502
109.519459
109.531416
113.543373
116.555330
114.567286
114.579243
117.591200
124.603157
130.615114
137.627071
140.639028
140.650984
137.662941
135.674898
137.686855
137.698812
138.710769
140.722726
135.734682
123.746639
108.758596
99.770553
97.782510
87.794467
74.806424
62.818380
55.830337
45.842294
28.854251
10.866208
-2.121835
-5.109878
-1.097922
1.914035
-2.074008
-11.062051
-20.050094
-24.038137
-28.026181
-33.014224
-35.002267
-28.990310
-21.978353
-19.966396
-20.954439
-12.942483
0.069474
11.081431
19.093388
26.105345
35.117302
43.129259
51.141215
58.153172
64.165129
70.177086
75.189043
81.201000
87.212957
90.224913
92.236870
91.248827
93.260784
91.272741
96.284698
100.296655
103.308611
102.320568
99.332525
96.344482
95.356439
96.368396
98.380353
101.392309
102.404266
107.416223
115.428180
122.440137
126.452094
128.464050
128.476007
125.487964
122.499921
122.511878
115.523835
93.535792
67.547748
60.559705
75.571662
95.583619
109.595576
115.607533
119.619490
117.631446
113.643403
105.655360
113.667317
131.679274
141.691231
145.703188
145.715144
145.727101
139.739058
132.751015
128.762972
132.774929
135.786886
134.798842
132.810799
141.822756
154.834713
163.846670
167.858627
164.870583
160.882540
162.894497
169.906454
174.918411
175.930368
174.942325
178.954281
183.966238
189.978195
194.990152
197.002109
193.014066
188.026023
184.037979
173.049936
156.061893
136.073850
118.085807
101.097764
89.109721
91.121677
99.133634
103.145591
102.157548
98.169505
92.181462
82.193419
68.205375
54.217332
39.229289
25.241246
7.253203
-4.734840
-12.722883
-14.710927
-12.698970
-2.687013
7.324944
18.336901
25.348858
31.360814
37.372771
43.384728
49.396685
55.408642
59.420599
60.432556
54.444512
39.456469
19.468426
-1.519617
-24.507660
-49.495703
-59.483746
-53.471790
-40.459833
-29.447876
-17.435919
-3.423962
9.587995
15.599952
18.611908
17.623865
12.635822
-0.352221
-14.340264
-25.328307
-40.316350
-55.304394
-73.292437
-90.280480
-109.268523
-128.256566
-128.244609
-125.232653
-129.220696
-138.208739
-150.196782
-177.184825
-214.172868
-234.160911
-222.148955
-201.136998
-186.125041
-176.113084
-165.101127
-151.089170
-136.077213
-107.065257
-92.053300
-84.041343
-82.029386
-83.017429
-89.005472
-89.993515
-85.981559
-73.969602
-59.957645
-50.945688
-46.933731
-44.921774
-40.909817
-40.897861
-47.885904
-58.873947
-67.861990
-76.850033
-76.838076
-58.826119
-36.814163
-26.802206
-21.790249
-15.778292
-9.766335
-7.754378
-7.742422
-14.730465
-22.718508
-29.706551
-29.694594
-28.682637
-32.670680
-40.658724
-47.646767
-55.634810
-61.622853
-65.610896
-67.598939
-71.586982
-72.575026
-67.563069
-58.551112
-50.539155
-51.527198
-59.515241
-80.503284
-98.491328
-102.479371
-94.467414
-87.455457
-84.443500
-80.431543
-80.419586
-74.407630
-72.395673
-72.383716
-75.371759
-80.359802
-81.347845
-74.335888
-62.323932
-50.311975
-40.300018
-31.288061
-25.276104
-22.264147
-22.252191
-23.240234
-27.228277
-23.216320
-15.204363
-5.192406
4.819551
16.831507
25.843464
27.855421
26.867378
21.879335
11.891292
-3.096751
-12.084795
-21.072838
-25.060881
-21.048924
-16.036967
-14.025010
-14.013053
-12.001097
-4.989140
4.022817
9.034774
11.046731
12.058688
12.070645
11.082601
12.094558
19.106515
27.118472
34.130429
37.142386
36.154342
32.166299
25.178256
11.190213
-6.797830
-28.785873
-52.773916
-81.761960
-101.750003
-102.738046
-88.726089
-75.714132
-69.702175
-70.690218
-72.678262
-70.666305
-61.654348
-45.642391
-34.630434
-31.618477
-28.606520
-28.594564
-31.582607
-32.570650
-28.558693
-23.546736
-21.534779
-23.522822
-28.510866
-35.498909
-44.486952
-55.474995
-65.463038
-78.451081
-93.439124
-110.427168
-150.415211
-179.403254
-192.391297
-182.379340
-173.367383
-175.355427
-184.343470
-195.331513
-201.319556
-194.307599
-180.295642
-170.283685
-165.271729
-163.259772
-160.247815
-155.235858
-149.223901
-146.211944
-146.199987
-153.188031
-168.176074
-193.164117
-221.152160
-242.140203
-237.128246
-221.116289
-210.104333
-206.092376
-192.080419
-175.068462
-160.056505
-145.044548
-133.032591
-123.020635
-103.008678
-91.996721
-86.984764
-80.972807
-72.960850
-67.948893
-66.936937
-71.924980
-75.913023
-79.901066
-82.889109
-89.877152
-95.865196
-97.853239
-102.841282
-110.829325
-132.817368
-140.805411
-149.793454
-156.781498
-158.769541
-160.757584
-161.745627
-161.733670
-166.721713
-175.709756
-186.697800
-192.685843
-193.673886
-192.661929
-195.649972
-197.638015
-198.626058
-192.614102
-178.602145
-150.590188
-122.578231
-90.566274
-80.554317
-76.542360
-73.530404
-73.518447
-77.506490
-85.494533
-91.482576
-95.470619
-101.458663
-110.446706
-128.434749
-128.422792
-110.410835
-100.398878
-93.386921
-88.374965
-85.363008
-86.351051
-90.339094
-98.327137
-106.315180
-104.303223
-91.291267
-79.279310
-74.267353
-73.255396
-73.243439
-73.231482
-76.219525
-80.207569
-82.195612
-85.183655
-89.171698
-93.159741
-97.147784
-107.135827
-137.123871
-172.111914
-206.099957
-232.088000
-232.076043
-210.064086
-182.052129
-160.040173
-146.028216
-128.016259
-101.004302
-87.992345
-81.980388
-77.968432
-75.956475
-73.944518
-71.932561
-68.920604
-66.908647
-67.896690
-75.884734
-96.872777
-139.860820
-169.848863
-185.836906
-188.824949
-182.812992
-176.801036
-171.789079
-163.777122
-153.765165
-144.753208
-136.741251
-128.729294
-107.717338
-99.705381
-90.693424
-81.681467
-74.669510
-67.657553
-62.645596
-59.633640
-58.621683
-61.609726
-67.597769
-76.585812
-82.573855
-77.561898
-69.549942
-59.537985
-51.526028
-45.514071
-41.502114
-35.490157
-27.478201
-17.466244
-10.454287
-4.442330
1.569627
9.581584
20.593541
30.605497
35.617454
40.629411
44.641368
45.653325
48.665282
47.677239
44.689195
40.701152
33.713109
32.725066
40.737023
58.748980
73.760937
84.772893
89.784850
91.796807
90.808764
86.820721
80.832678
77.844635
74.856591
71.868548
68.880505
66.892462
66.904419
66.916376
65.928332
58.940289
45.952246
25.964203
15.976160
24.988117
40.000074
46.012030
48.023987
54.035944
64.047901
70.059858
70.071815
61.083772
50.095728
