3
2
-220.035555
-213.066792
-204.098028
-199.129265
-188.160501
-169.191738
-150.222975
-139.254211
-134.285448
-132.316684
-132.347921
-135.379157
-138.410394
-136.441630
-130.472867
-126.504103
-126.535340
-128.566576
-131.597813
-132.629049
-131.660286
-129.691523
-114.722759
-110.753996
-103.785232
-94.816469
-78.847705
-60.878942
-46.910178
-39.941415
-36.972651
-32.003888
-25.035124
-16.066361
-7.097597
8.871166
27.839930
40.808693
44.777456
47.746220
51.714983
55.683747
59.652510
65.621274
70.590037
78.558801
84.527564
86.496328
85.465091
83.433855
78.402618
73.371382
65.340145
58.308908
46.277672
28.246435
13.215199
4.183962
3.152726
6.121489
9.090253
12.059016
15.027780
17.996543
22.965307
27.934070
33.902834
39.871597
47.840361
55.809124
62.777887
69.746651
76.715414
81.684178
82.652941
81.621705
83.590468
81.559232
82.527995
82.496759
80.465522
75.434286
71.403049
61.371813
48.340576
38.309339
32.278103
27.246866
16.215630
6.184393
-5.846843
-17.878080
-28.909316
-30.940553
-23.971789
-5.003026
19.965738
42.934501
70.903265
91.872028
111.840791
129.809555
145.778318
156.747082
161.715845
164.684609
168.653372
167.622136
164.590899
160.559663
158.528426
154.497190
143.465953
127.434717
109.403480
100.372244
90.341007
72.309770
80.278534
106.247297
123.216061
127.184824
129.153588
133.122351
134.091115
130.059878
128.028642
130.997405
139.966169
145.934932
147.903696
151.872459
164.841222
187.809986
205.778749
214.747513
217.716276
217.685040
219.653803
220.622567
219.591330
218.560094
217.528857
214.497621
207.466384
188.435148
151.403911
105.372675
72.341438
71.310201
83.278965
90.247728
91.216492
89.185255
84.154019
67.122782
40.091546
4.060309
-28.970927
-52.002164
-48.033400
-21.064637
11.904127
34.872890
56.841653
77.810417
95.779180
107.747944
113.716707
116.685471
121.654234
126.622998
129.591761
128.560525
124.529288
118.498052
106.466815
91.435579
76.404342
66.373106
63.341869
56.310632
48.279396
42.248159
41.216923
40.185686
42.154450
44.123213
44.091977
40.060740
34.029504
27.998267
38.967031
59.935794
73.904558
79.873321
80.842084
81.810848
80.779611
75.748375
72.717138
70.685902
68.654665
64.623429
56.592192
47.560956
42.529719
38.498483
27.467246
12.436010
5.404773
9.373537
16.342300
17.311063
13.279827
6.248590
-5.782646
-22.813883
-45.845119
-77.876356
-108.907592
-139.938829
-152.970065
-160.001302
-158.032538
-146.063775
-113.095011
-87.126248
-66.157485
-48.188721
-36.219958
-24.251194
-8.282431
10.686333
30.655096
49.623860
71.592623
91.561387
104.530150
109.498914
108.467677
102.436441
80.405204
41.373967
2.342731
-34.688506
-70.719742
-95.750979
-107.782215
-116.813452
-142.844688
-164.875925
-176.907161
-173.938398
-159.969634
-146.000871
-134.032107
-117.063344
-112.094580
-107.125817
-98.157054
-88.188290
-78.219527
-72.250763
-69.282000
-69.313236
-74.344473
-83.375709
-95.406946
-110.438182
-121.469419
-137.500655
-119.531892
-95.563128
-65.594365
-52.625602
-41.656838
-33.688075
-28.719311
-23.750548
-20.781784
-15.813021
-9.844257
-4.875494
-2.906730
-1.937967
-2.969203
-6.000440
-9.031676
-13.062913
-13.094149
-11.125386
-11.156623
-15.187859
-23.219096
-30.250332
-33.281569
-37.312805
-40.344042
-34.375278
-22.406515
-3.437751
12.531012
16.499776
23.468539
29.437303
34.406066
35.374829
33.343593
31.312356
36.281120
47.249883
58.218647
69.187410
82.156174
97.124937
106.093701
110.062464
113.031228
111.999991
111.968755
112.937518
117.906282
120.875045
117.843808
114.812572
113.781335
112.750099
103.718862
95.687626
85.656389
75.625153
73.593916
77.562680
77.531443
70.500207
63.468970
64.437734
68.406497
68.375260
65.344024
61.312787
54.281551
47.250314
36.219078
21.187841
3.156605
-11.874632
-26.905868
-46.937105
-67.968341
-79.999578
-69.030814
-45.062051
-33.093287
-29.124524
-29.155761
-27.186997
-24.218234
-18.249470
-6.280707
8.688057
25.656820
35.625584
42.594347
48.563111
54.531874
57.500638
55.469401
49.438165
35.406928
22.375691
9.344455
-3.686782
-12.718018
-5.749255
2.219509
6.188272
3.157036
-4.874201
-14.905437
-23.936674
-26.967910
-25.999147
-27.030383
-29.061620
-30.092857
-29.124093
-29.155330
-34.186566
-38.217803
-35.249039
-28.280276
-22.311512
-19.342749
-17.373985
-12.405222
-11.436458
-15.467695
-24.498931
-31.530168
-29.561404
-23.592641
-17.623878
-12.655114
-2.686351
9.282413
23.251176
38.219940
49.188703
58.157467
67.126230
71.094994
72.063757
70.032521
59.001284
42.970048
27.938811
20.907574
8.876338
9.845101
18.813865
30.782628
41.751392
51.720155
60.688919
66.657682
73.626446
78.595209
83.563973
87.532736
90.501500
95.470263
101.439027
105.407790
108.376553
110.345317
113.314080
115.282844
115.251607
114.220371
112.189134
108.157898
101.126661
91.095425
77.064188
54.032952
33.001715
21.970479
24.939242
29.908005
32.876769
32.845532
39.814296
37.783059
44.751823
53.720586
60.689350
65.658113
68.626877
70.595640
71.564404
69.533167
67.501931
65.470694
64.439458
61.408221
59.376984
60.345748
61.314511
67.283275
76.252038
85.220802
95.189565
102.158329
103.127092
100.095856
90.064619
81.033383
77.002146
75.970910
73.939673
72.908436
74.877200
77.845963
72.814727
62.783490
48.752254
32.721017
14.689781
4.658544
2.627308
9.596071
19.564835
27.533598
28.502362
26.471125
19.439889
11.408652
3.377415
-3.653821
-9.685058
-12.716294
-16.747531
-27.778767
-46.810004
-78.841240
-107.872477
-109.903713
-87.934950
-62.966186
-47.997423
-45.028659
-43.059896
-41.091133
-43.122369
-45.153606
-55.184842
-73.216079
-87.247315
-96.278552
-95.309788
-93.341025
-92.372261
-90.403498
-82.434734
-78.465971
-77.497207
-78.528444
-78.559680
-78.590917
-80.622154
-89.653390
-107.684627
-130.715863
-160.747100
-164.778336
-157.809573
-153.840809
-159.872046
-173.903282
-190.934519
-190.965755
-177.996992
-167.028228
-167.059465
-173.090702
-181.121938
-195.153175
-213.184411
-230.215648
-242.246884
-246.278121
-246.309357
-247.340594
-247.371830
-245.403067
-239.434303
-233.465540
-228.496776
-226.528013
-223.559250
-220.590486
-219.621723
-224.652959
-229.684196
-232.715432
-237.746669
-247.777905
-252.809142
-242.840378
-229.871615
-222.902851
-221.934088
-223.965324
-221.996561
-220.027797
-217.059034
-213.090271
-206.121507
-197.152744
-186.183980
-174.215217
-160.246453
-146.277690
-121.308926
-107.340163
-90.371399
-75.402636
-62.433872
-54.465109
-44.496345
-24.527582
-7.558819
6.409945
15.378708
17.347472
10.316235
-8.715001
-26.746238
-19.777474
-2.808711
7.160053
9.128816
8.097580
7.066343
1.035107
-1.996130
-3.027366
0.941397
4.910160
3.878924
-3.152313
-14.183549
-21.214786
-26.246022
-29.277259
-27.308495
-20.339732
-11.370968
-4.402205
-0.433441
3.535322
6.504086
6.472849
5.441612
0.410376
-7.620861
-26.652097
-51.683334
-79.714570
-95.745807
-95.777043
-88.808280
-82.839516
-81.870753
-81.901989
-81.933226
-78.964462
-73.995699
-71.026935
-71.058172
-76.089409
-79.120645
-78.151882
-72.183118
-67.214355
-64.245591
-63.276828
-58.308064
-44.339301
-24.370537
-4.401774
6.566990
10.535753
9.504517
2.473280
-8.557957
-10.589193
-4.620430
0.348334
-0.682903
-4.714139
-7.745376
-8.776612
-6.807849
-6.839085
-11.870322
-22.901558
-39.932795
-53.964031
-49.995268
-34.026504
-19.057741
-12.088978
-12.120214
-10.151451
-9.182687
-10.213924
-14.245160
-17.276397
-19.307633
-22.338870
-18.370106
-3.401343
14.567421
23.536184
25.504948
26.473711
27.442474
26.411238
23.380001
21.348765
13.317528
-0.713708
-3.744945
9.223819
26.192582
39.161346
53.130109
63.098873
68.067636
70.036400
72.005163
70.973926
68.942690
70.911453
72.880217
71.848980
69.817744
69.786507
77.755271
87.724034
93.692798
101.661561
105.630325
112.599088
117.567852
117.536615
112.505379
108.474142
111.442905
115.411669
115.380432
115.349196
115.317959
114.286723
109.255486
100.224250
94.193013
88.161777
76.130540
60.099304
48.068067
49.036831
54.005594
59.974357
62.943121
68.911884
78.880648
85.849411
90.818175
93.786938
96.755702
103.724465
111.693229
116.661992
115.630756
108.599519
96.568283
89.537046
86.505810
81.474573
70.443336
59.412100
53.380863
48.349627
39.318390
30.287154
34.255917
44.224681
56.193444
57.162208
54.130971
46.099735
33.068498
24.037262
19.006025
11.974788
5.943552
0.912315
-7.118921
-17.150158
-28.181394
-35.212631
-47.243867
-64.275104
-76.306340
-89.337577
-104.368813
-124.400050
-152.431286
-165.462523
-163.493759
-158.524996
-155.556233
-137.587469
-124.618706
-105.649942
-88.681179
-74.712415
-61.743652
-42.774888
-22.806125
-1.837361
11.131402
15.100166
17.068929
20.037693
24.006456
29.975219
32.943983
34.912746
35.881510
38.850273
41.819037
44.787800
46.756564
46.725327
38.694091
20.662854
-6.368382
-35.399619
-45.430855
-38.462092
-30.493328
-24.524565
-19.555802
-13.587038
-9.618275
-12.649511
-19.680748
-17.711984
-7.743221
-0.774457
2.194306
0.163070
1.131833
1.100597
-0.930640
-3.961876
-10.993113
-15.024350
-15.055586
-11.086823
-5.118059
-5.149296
-9.180532
-21.211769
-27.243005
-23.274242
-16.305478
-10.336715
-10.367951
-11.399188
-12.430424
-16.461661
-22.492898
-28.524134
-28.555371
-23.586607
-22.617844
-21.649080
-18.680317
-12.711553
-7.742790
-4.774026
-3.805263
-6.836499
-7.867736
4.101028
30.069791
55.038555
67.007318
70.976081
68.944845
59.913608
44.882372
36.851135
40.819899
44.788662
46.757426
47.726189
49.694953
51.663716
52.632480
52.601243
52.570007
54.538770
57.507533
60.476297
63.445060
67.413824
71.382587
74.351351
76.320114
75.288878
74.257641
69.226405
67.195168
70.163932
76.132695
83.101459
88.070222
90.038986
93.007749
95.976512
101.945276
107.914039
110.882803
111.851566
111.820330
109.789093
107.757857
100.726620
87.695384
65.664147
40.632911
23.601674
6.570438
-3.460799
-9.492036
-16.523272
-22.554509
-23.585745
-20.616982
-24.648218
-33.679455
-41.710691
-38.741928
-29.773164
-20.804401
-10.835637
2.133126
21.101890
32.070653
35.039417
34.008180
29.976943
26.945707
26.914470
31.883234
34.851997
29.820761
16.789524
6.758288
0.727051
-0.304185
0.664578
11.633342
29.602105
39.570869
40.539632
40.508395
44.477159
51.445922
60.414686
62.383449
58.352213
46.320976
36.289740
32.258503
36.227267
38.196030
38.164794
38.133557
50.102321
73.071084
88.039848
93.008611
89.977374
82.946138
61.914901
26.883665
-13.147572
-36.178808
-39.210045
-30.241281
-27.272518
-28.303754
-31.334991
-33.366227
-30.397464
-19.428700
-6.459937
-2.491174
-1.522410
-4.553647
-11.584883
-25.616120
-41.647356
-55.678593
-66.709829
-86.741066
-108.772302
-122.803539
-125.834775
-124.866012
-124.897248
-124.928485
-126.959721
-129.990958
-131.022195
-117.053431
-93.084668
-71.115904
-59.147141
-51.178377
-39.209614
-28.240850
-15.272087
-5.303323
1.665440
6.634204
12.602967
22.571731
25.540494
29.509257
32.478021
35.446784
38.415548
40.384311
40.353075
38.321838
39.290602
40.259365
40.228129
36.196892
35.165656
38.134419
40.103183
39.071946
38.040709
34.009473
28.978236
22.947000
9.915763
-3.115473
-16.146710
-23.177946
-18.209183
-2.240419
11.728344
21.697108
28.665871
37.634635
48.603398
57.572162
65.540925
71.509688
76.478452
84.447215
86.415979
87.384742
83.353506
70.322269
55.291033
49.259796
50.228560
47.197323
37.166087
21.134850
1.103614
-16.927623
-22.958860
-25.990096
-31.021333
-27.052569
-15.083806
-4.115042
-0.146279
-0.177515
-3.208752
-5.239988
-1.271225
9.697539
19.666302
24.635066
20.603829
7.572593
-11.458644
-27.489881
-32.521117
-23.552354
-6.583590
4.385173
8.353937
9.322700
10.291464
9.260227
7.228991
4.197754
3.166518
2.135281
-3.895955
-13.927192
-22.958429
-31.989665
-44.020902
-55.052138
-60.083375
-61.114611
-64.145848
-74.177084
-81.208321
-84.239557
-83.270794
-76.302030
-68.333267
-65.364503
-65.395740
-69.426976
-77.458213
-94.489450
-116.520686
-146.551923
-185.583159
-212.614396
-234.645632
-242.676869
-239.708105
-232.739342
-227.770578
-224.801815
-222.833051
-220.864288
-214.895524
-201.926761
-190.957998
-183.989234
-179.020471
-167.051707
-146.082944
-135.114180
-126.145417
-121.176653
-117.207890
-111.239126
-106.270363
-100.301599
-94.332836
-84.364072
-78.395309
-75.426545
-74.457782
-76.489019
-77.520255
-77.551492
-67.582728
-46.613965
-30.645201
-23.676438
-23.707674
-25.738911
-25.770147
-17.801384
-2.832620
10.136143
16.104907
18.073670
19.042433
23.011197
25.979960
29.948724
30.917487
30.886251
26.855014
17.823778
3.792541
-8.238695
-22.269932
-32.301168
-42.332405
-50.363641
-50.394878
-31.426115
-10.457351
-3.488588
-3.519824
4.448939
19.417703
30.386466
33.355230
32.323993
30.292757
27.261520
26.230284
27.199047
24.167811
15.136574
5.105338
-3.925899
-0.957136
13.011628
26.980391
30.949155
32.917918
28.886682
26.855445
22.824209
12.792972
-2.238264
-11.269501
-13.300737
-11.331974
-13.363210
-19.394447
-29.425684
-44.456920
-51.488157
-50.519393
-44.550630
-41.581866
-41.613103
-39.644339
-36.675576
-31.706812
-33.738049
-31.769285
-25.800522
-11.831758
0.137005
4.105769
3.074532
3.043295
4.012059
8.980822
20.949586
32.918349
41.887113
44.855876
41.824640
33.793403
20.762167
1.730930
-18.300306
-32.331543
-45.362779
-58.394016
-60.425253
-48.456489
-34.487726
-25.518962
-26.550199
-28.581435
-33.612672
-38.643908
-33.675145
-20.706381
-6.737618
0.231146
5.199909
6.168673
7.137436
9.106200
15.074963
28.043726
41.012490
49.981253
53.950017
56.918780
62.887544
67.856307
70.825071
74.793834
82.762598
92.731361
99.700125
101.668888
103.637652
106.606415
108.575178
110.543942
112.512705
112.481469
112.450232
112.418996
114.387759
110.356523
100.325286
78.294050
57.262813
34.231577
20.200340
23.169104
36.137867
47.106631
52.075394
55.044157
56.012921
55.981684
55.950448
58.919211
61.887975
61.856738
57.825502
51.794265
40.763029
31.731792
25.700556
21.669319
18.638083
14.606846
8.575609
-8.455627
-36.486864
-74.518100
-117.549337
-141.580573
-170.611810
-180.643046
-192.674283
-203.705519
-208.736756
-208.767992
-212.799229
-225.830465
-239.861702
-246.892939
-248.924175
-250.955412
-253.986648
-251.017885
-241.049121
-233.080358
-230.111594
-228.142831
-218.174067
-193.205304
-168.236540
-138.267777
-129.299013
-125.330250
-124.361486
-123.392723
-124.423960
-127.455196
-127.486433
-125.517669
-112.548906
-101.580142
-99.611379
-103.642615
-109.673852
-114.705088
-118.736325
-121.767561
-123.798798
-119.830034
-111.861271
-98.892508
-84.923744
-74.954981
-70.986217
-71.017454
-72.048690
-67.079927
-59.111163
-51.142400
-45.173636
-42.204873
-42.236109
-44.267346
-49.298582
-56.329819
-61.361055
-62.392292
-60.423529
-58.454765
-55.486002
-51.517238
-47.548475
-42.579711
-36.610948
-32.642184
-28.673421
-25.704657
-22.735894
-23.767130
-25.798367
-30.829603
-36.860840
-39.892077
-31.923313
-15.954550
-4.985786
-3.017023
-7.048259
-12.079496
-14.110732
-9.141969
-4.173205
0.795558
6.764322
14.733085
25.701849
39.670612
54.639376
62.608139
65.576902
63.545666
50.514429
24.483193
-5.548044
-33.579280
-34.610517
-13.641753
4.327010
9.295774
7.264537
6.233301
3.202064
-0.829172
-1.860409
1.108354
7.077118
10.045881
10.014645
8.983408
3.952172
-0.079065
0.889699
1.858462
3.827226
3.795989
1.764753
-7.266484
-16.297720
-23.328957
-40.360193
-73.391430
-99.422667
-104.453903
-90.485140
-70.516376
-58.547613
-54.578849
-52.610086
-50.641322
-48.672559
-46.703795
-47.735032
-45.766268
-42.797505
-27.828741
-4.859978
12.108785
18.077549
18.046312
10.015076
-2.016161
-9.047397
4.921366
33.890130
65.858893
80.827657
85.796420
86.765184
85.733947
79.702711
69.671474
56.640238
53.609001
58.577764
64.546528
69.515291
72.484055
80.452818
90.421582
98.390345
104.359109
108.327872
109.296636
102.265399
91.234163
85.202926
85.171690
87.140453
84.109216
84.077980
84.046743
83.015507
79.984270
73.953034
73.921797
76.890561
79.859324
78.828088
72.796851
58.765615
39.734378
23.703142
10.671905
7.640668
5.609432
-3.421805
-22.453041
-50.484278
-72.515514
-82.546751
-81.577987
-80.609224
-77.640460
-72.671697
-69.702933
-74.734170
-88.765406
-112.796643
-126.827879
-122.859116
-112.890353
-106.921589
-103.952826
-100.984062
-99.015299
-94.046535
-75.077772
-55.109008
-42.140245
-40.171481
-39.202718
-37.233954
-37.265191
-39.296427
-40.327664
-30.358901
-7.390137
13.578626
30.547390
39.516153
41.484917
42.453680
44.422444
46.391207
48.359971
46.328734
43.297498
38.266261
35.235025
39.203788
40.172552
34.141315
24.110078
13.078842
1.047605
-0.983631
4.985132
10.953896
10.922659
7.891423
2.860186
-9.171050
-30.202287
-36.233523
-22.264760
1.704004
17.672767
26.641530
29.610294
27.579057
22.547821
12.516584
7.485348
5.454111
-1.577125
2.391638
11.360402
18.329165
21.297929
20.266692
21.235456
21.204219
14.172983
5.141746
-14.889491
-26.920727
-45.951964
-65.983200
-91.014437
-113.045673
-133.076910
-153.108146
-159.139383
-152.170619
-142.201856
-137.233092
-135.264329
-138.295565
-137.326802
-137.358039
-131.389275
-125.420512
-123.451748
-122.482985
-120.514221
-117.545458
-116.576694
-119.607931
-126.639167
-133.670404
-135.701640
-133.732877
-135.764113
-148.795350
-160.826586
-162.857823
-158.889060
-158.920296
-176.951533
-190.982769
-191.014006
-177.045242
-153.076479
-150.107715
-152.138952
-145.170188
-127.201425
-103.232661
-80.263898
-59.295134
-44.326371
-34.357608
-30.388844
-28.420081
-22.451317
-15.482554
-4.513790
0.454973
-1.576263
-11.607500
-27.638736
-40.669973
-31.701209
-6.732446
13.236318
24.205081
31.173844
39.142608
46.111371
49.080135
50.048898
51.017662
50.986425
51.955189
49.923952
50.892716
53.861479
58.830243
57.799006
50.767770
40.736533
34.705297
32.674060
39.642823
57.611587
73.580350
80.549114
81.517877
81.486641
87.455404
104.424168
125.392931
142.361695
150.330458
153.299222
155.267985
158.236749
159.205512
156.174275
151.143039
146.111802
144.080566
146.049329
151.018093
154.986856
150.955620
136.924383
118.893147
105.861910
93.830674
75.799437
52.768201
36.736964
25.705728
16.674491
10.643254
11.612018
14.580781
16.549545
14.518308
11.487072
9.455835
10.424599
17.393362
23.362126
30.330889
34.299653
41.268416
44.237180
47.205943
47.174706
47.143470
48.112233
52.080997
57.049760
63.018524
65.987287
64.956051
59.924814
54.893578
41.862341
26.831105
15.799868
13.768632
10.737395
-1.293841
-18.325078
-28.356315
-28.387551
-26.418788
-30.450024
-40.481261
-49.512497
-50.543734
-50.574970
-53.606207
-47.637443
-25.668680
0.300084
18.268847
25.237611
30.206374
35.175137
41.143901
45.112664
47.081428
46.050191
44.018955
41.987718
42.956482
44.925245
48.894009
50.862772
49.831536
47.800299
45.769063
40.737826
35.706590
20.675353
5.644116
-0.387120
-2.418357
-4.449593
-11.480830
-20.512066
-29.543303
-37.574539
-45.605776
-54.637012
-65.668249
-72.699485
-74.730722
-74.761958
-76.793195
-80.824432
-84.855668
-86.886905
-90.918141
-90.949378
-81.980614
-65.011851
-47.043087
-30.074324
-16.105560
-6.136797
-1.168033
4.800730
9.769494
14.738257
14.707020
9.675784
6.644547
5.613311
4.582074
-1.449162
-3.480399
-0.511635
-3.542872
-9.574108
-20.605345
-25.636581
-21.667818
-12.699054
-7.730291
-9.761527
-17.792764
-36.824001
-54.855237
-53.886474
-30.917710
4.051053
26.019817
36.988580
37.957344
33.926107
27.894871
22.863634
21.832398
17.801161
2.769925
-22.261312
-36.292549
-35.323785
-34.355022
-40.386258
-45.417495
-45.448731
-39.479968
-40.511204
-44.542441
-52.573677
-59.604914
-58.636150
-47.667387
-35.698623
-28.729860
-26.761096
-19.792333
-14.823570
-16.854806
-21.886043
-28.917279
-27.948516
-14.979752
2.989011
15.957775
15.926538
14.895302
10.864065
2.832829
-5.198408
-12.229644
-29.260881
-49.292118
-54.323354
-49.354591
-46.385827
-50.417064
-62.448300
-76.479537
-91.510773
-102.542010
-105.573246
-98.604483
-87.635719
-77.666956
-73.698192
-67.729429
-53.760665
-37.791902
-18.823139
-2.854375
9.114388
17.083152
20.051915
21.020679
21.989442
22.958206
22.926969
21.895733
20.864496
18.833260
22.802023
37.770787
63.739550
87.708313
104.677077
120.645840
140.614604
163.583367
176.552131
182.520894
183.489658
182.458421
177.427185
173.395948
173.364712
178.333475
190.302239
207.271002
218.239766
222.208529
225.177292
232.146056
234.114819
232.083583
227.052346
214.021110
204.989873
197.958637
186.927400
164.896164
136.864927
110.833691
92.802454
82.771218
75.739981
70.708744
65.677508
62.646271
61.615035
65.583798
73.552562
82.521325
87.490089
89.458852
90.427616
94.396379
101.365143
107.333906
113.302670
117.271433
119.240197
119.208960
118.177723
118.146487
114.115250
102.084014
85.052777
67.021541
51.990304
38.959068
24.927831
13.896595
6.865358
-0.165878
-12.197115
-33.228351
-49.259588
-54.290825
-56.322061
-37.353298
-5.384534
26.584229
51.552993
65.521756
72.490520
76.459283
81.428047
87.396810
91.365574
94.334337
95.303101
94.271864
96.240627
97.209391
97.178154
96.146918
93.115681
89.084445
86.053208
80.021972
69.990735
59.959499
53.928262
50.897026
48.865789
48.834553
48.803316
46.772080
42.740843
37.709606
33.678370
29.647133
24.615897
19.584660
18.553424
19.522187
16.490951
8.459714
-7.571522
-25.602759
-50.633995
-81.665232
-118.696468
-141.727705
-146.758942
-138.790178
-130.821415
-128.852651
-128.883888
-123.915124
-113.946361
-101.977597
-90.008834
-84.040070
-83.071307
-86.102543
-93.133780
-107.165016
-129.196253
-153.227489
-171.258726
-200.289963
-222.321199
-248.352436
-274.383672
-281.414909
-270.446145
-256.477382
-240.508618
-221.539855
-206.571091
-194.602328
-189.633564
-173.664801
-162.696037
-147.727274
-134.758511
-128.789747
-125.820984
-123.852220
-125.883457
-125.914693
-121.945930
-107.977166
-89.008403
-75.039639
-71.070876
-71.102112
-80.133349
-94.164585
-109.195822
-118.227058
-118.258295
-108.289532
-94.320768
-82.352005
-70.383241
-56.414478
-45.445714
-38.476951
-35.508187
-35.539424
-39.570660
-42.601897
-37.633133
-33.664370
-34.695606
-42.726843
-49.758080
-58.789316
-67.820553
-71.851789
-60.883026
-44.914262
-31.945499
-24.976735
-20.007972
-16.039208
-16.070445
-14.101681
-14.132918
-15.164154
-14.195391
-8.226627
-0.257864
0.710899
-7.320337
-22.351574
-38.382810
-48.414047
-63.445283
-100.476520
-147.507756
-192.538993
-194.570229
-169.601466
-148.632702
-120.663939
-92.695175
-76.726412
-71.757649
-69.788885
-65.820122
-56.851358
-47.882595
-42.913831
-40.945068
-39.976304
-40.007541
-39.038777
-40.070014
-41.101250
-43.132487
-46.163723
-48.194960
-53.226197
-57.257433
-60.288670
-53.319906
-37.351143
-22.382379
-12.413616
-3.444852
4.523911
14.492675
23.461438
30.430202
35.398965
36.367729
43.336492
55.305256
66.274019
71.242782
70.211546
69.180309
66.149073
65.117836
57.086600
50.055363
60.024127
83.992890
106.961654
113.930417
110.899181
99.867944
73.836708
33.805471
5.774234
-3.257002
-11.288239
-31.319475
-59.350712
-90.381948
-111.413185
-113.444421
-113.475658
-122.506894
-141.538131
-166.569367
-176.600604
-164.631840
-143.663077
-120.694313
-104.725550
-87.756787
-76.788023
-74.819260
-70.850496
-58.881733
-42.912969
-20.944206
-4.975442
1.993321
0.962085
-2.069152
-0.100388
9.868375
21.837139
32.805902
44.774665
51.743429
53.712192
48.680956
36.649719
19.618483
-0.412754
-26.443990
-49.475227
-65.506463
-70.537700
-72.568936
-69.600173
-71.631409
-81.662646
-89.693882
-88.725119
-78.756356
-69.787592
-61.818829
-49.850065
-36.881302
-23.912538
-15.943775
-8.975011
-4.006248
-1.037484
2.931279
6.900043
8.868806
11.837570
11.806333
19.775096
32.743860
42.712623
49.681387
53.650150
60.618914
66.587677
68.556441
67.525204
65.493968
65.462731
75.431495
89.400258
99.369022
104.337785
106.306549
108.275312
110.244075
113.212839
115.181602
118.150366
121.119129
120.087893
116.056656
110.025420
104.994183
110.962947
119.931710
123.900474
123.869237
124.838001
129.806764
134.775527
137.744291
131.713054
122.681818
121.650581
124.619345
126.588108
119.556872
100.525635
78.494399
64.463162
75.431926
98.400689
114.369453
120.338216
122.306980
124.275743
126.244506
127.213270
122.182033
113.150797
102.119560
96.088324
93.057087
81.025851
61.994614
46.963378
43.932141
56.900905
74.869668
81.838432
81.807195
80.775958
71.744722
61.713485
55.682249
55.651012
55.619776
52.588539
46.557303
44.526066
49.494830
54.463593
58.432357
59.401120
59.369884
56.338647
48.307410
34.276174
27.244937
26.213701
16.182464
-2.848772
-22.880009
-27.911245
-16.942482
-10.973718
-9.004955
-11.036191
-13.067428
-17.098664
-24.129901
-33.161137
-33.192374
-32.223611
-34.254847
-41.286084
-36.317320
-17.348557
3.620207
18.588970
23.557734
29.526497
36.495261
43.464024
49.432788
53.401551
54.370315
53.339078
49.307841
47.276605
50.245368
54.214132
56.182895
60.151659
63.120422
67.089186
70.057949
72.026713
72.995476
75.964240
80.933003
87.901767
90.870530
92.839294
95.808057
100.776820
105.745584
109.714347
112.683111
109.651874
107.620638
121.589401
141.558165
149.526928
148.495692
143.464455
134.433219
127.401982
127.370746
133.339509
138.308272
139.277036
140.245799
135.214563
128.183326
121.152090
117.120853
118.089617
121.058380
121.027144
116.995907
100.964671
79.933434
70.902198
77.870961
88.839725
95.808488
96.777251
86.746015
67.714778
56.683542
50.652305
52.621069
51.589832
48.558596
44.527359
36.496123
33.464886
32.433650
30.402413
26.371177
24.339940
23.308703
23.277467
21.246230
13.214994
-3.816243
-28.847479
-54.878716
-71.909952
-75.941189
-75.972425
-71.003662
-54.034898
-31.066135
-19.097371
-17.128608
-17.159844
-20.191081
-27.222318
-28.253554
-34.284791
-30.316027
-22.347264
-11.378500
-3.409737
2.559027
7.527790
9.496554
10.465317
10.434081
14.402844
20.371608
25.340371
29.309134
36.277898
43.246661
47.215425
45.184188
38.152952
31.121715
27.090479
24.059242
20.028006
9.996769
-0.034467
-1.065704
6.903060
20.871823
35.840586
48.809350
56.778113
59.746877
57.715640
52.684404
38.653167
24.621931
10.590694
-5.440542
-13.471779
-16.503015
-15.534252
-11.565488
-11.596725
-16.627961
-27.659198
-40.690435
-49.721671
-47.752908
-37.784144
-19.815381
-0.846617
20.122146
32.090910
37.059673
39.028437
37.997200
32.965964
26.934727
15.903491
1.872254
-17.158983
-39.190219
-59.221456
-80.252692
-89.283929
-73.315165
-43.346402
-17.377638
-2.408875
4.559889
15.528652
28.497416
38.466179
43.434943
47.403706
52.372470
51.341233
47.309996
48.278760
56.247523
71.216287
79.185050
83.153814
84.122577
84.091341
81.060104
80.028868
84.997631
92.966395
101.935158
106.903922
108.872685
110.841448
112.810212
115.778975
114.747739
114.716502
115.685266
115.654029
110.622793
106.591556
104.560320
101.529083
96.497847
91.466610
86.435374
78.404137
68.372901
49.341664
24.310427
-8.720809
-47.752046
-76.783282
-101.814519
-119.845755
-140.876992
-158.908228
-164.939465
-164.970701
-166.001938
-167.033174
-165.064411
-161.095647
-158.126884
-148.158121
-125.189357
-97.220594
-70.251830
-49.283067
-32.314303
-16.345540
-5.376776
0.591987
2.560751
4.529514
7.498278
5.467041
1.435805
-1.595432
1.373332
11.342095
21.310858
25.279622
24.248385
17.217149
7.185912
-8.845324
-25.876561
-43.907797
-71.939034
-95.970270
-94.001507
-75.032743
-62.063980
-62.095216
-70.126453
-82.157690
-92.188926
-94.220163
-95.251399
-101.282636
-108.313872
-108.345109
-103.376345
-102.407582
-103.438818
-97.470055
-95.501291
-93.532528
-101.563764
-119.595001
-123.626238
-110.657474
-88.688711
-71.719947
-65.751184
-64.782420
-63.813657
-71.844893
-83.876130
-102.907366
-119.938603
-125.969839
-122.001076
-120.032312
-120.063549
-122.094785
-126.126022
-126.157259
-124.188495
-120.219732
-119.250968
-119.282205
-109.313441
-90.344678
-76.375914
-68.407151
-65.438387
-64.469624
-65.500860
-78.532097
-105.563333
-132.594570
-143.625807
-141.657043
-134.688280
-134.719516
-133.750753
-124.781989
-109.813226
-98.844462
-95.875699
-96.906935
-94.938172
-94.969408
-100.000645
-105.031881
-96.063118
-77.094354
-65.125591
-61.156828
-60.188064
-63.219301
-70.250537
-80.281774
-86.313010
-83.344247
-78.375483
-74.406720
-73.437956
-71.469193
-68.500429
-66.531666
-64.562902
-64.594139
-62.625376
-60.656612
-58.687849
-57.719085
-52.750322
-46.781558
-46.812795
-52.844031
-61.875268
-68.906504
-74.937741
-78.968977
-81.000214
-82.031450
-78.062687
-72.093923
-66.125160
-58.156397
-56.187633
-58.218870
-63.250106
-72.281343
-82.312579
-93.343816
-100.375052
-100.406289
-93.437525
-92.468762
-98.499998
-107.531235
-110.562471
-106.593708
-102.624945
-101.656181
-103.687418
-104.718654
-106.749891
-109.781127
-112.812364
-120.843600
-130.874837
-137.906073
-141.937310
-141.968546
-144.999783
-156.031019
-170.062256
-175.093492
-170.124729
-168.155966
-169.187202
-165.218439
-154.249675
-142.280912
-133.312148
-123.343385
-113.374621
-107.405858
-106.437094
-106.468331
-99.499567
-82.530804
-64.562040
-53.593277
-47.624514
-43.655750
-41.686987
-38.718223
-33.749460
-32.780696
-30.811933
-28.843169
-26.874406
-24.905642
-11.936879
9.031885
26.000648
32.969412
31.938175
23.906939
18.875702
21.844465
25.813229
21.781992
3.750756
-24.280481
-60.311717
-90.342954
-108.374190
-105.405427
-96.436663
-89.467900
-89.499136
-97.530373
-113.561609
-124.592846
-121.624083
-113.655319
-111.686556
-114.717792
-118.749029
-120.780265
-122.811502
-122.842738
-118.873975
-111.905211
-102.936448
-89.967684
-78.998921
-66.030157
-55.061394
-46.092631
-42.123867
-41.155104
-41.186340
-41.217577
-35.248813
-25.280050
-17.311286
-11.342523
-7.373759
-6.404996
-9.436232
-19.467469
-37.498705
-53.529942
-63.561178
-63.592415
-53.623652
-40.654888
-31.686125
-20.717361
-10.748598
-3.779834
-0.811071
1.157693
7.126456
17.095220
28.063983
39.032747
48.001510
54.970274
55.939037
54.907800
52.876564
56.845327
73.814091
92.782854
105.751618
111.720381
111.689145
111.657908
110.626672
111.595435
109.564199
94.532962
67.501726
38.470489
10.439253
-7.591984
-21.623221
-35.654457
-59.685694
-88.716930
-106.748167
-101.779403
-89.810640
-81.841876
-80.873113
-79.904349
-81.935586
-88.966822
-100.998059
-109.029295
-117.060532
-119.091769
-111.123005
-96.154242
-89.185478
-85.216715
-80.247951
-75.279188
-70.310424
-63.341661
-51.372897
-36.404134
-25.435370
-20.466607
-17.497843
-18.529080
-21.560316
-25.591553
-26.622790
-31.654026
-40.685263
-43.716499
-36.747736
-31.778972
-30.810209
-31.841445
-35.872682
-34.903918
-34.935155
-37.966391
-44.997628
-55.028864
-59.060101
-57.091338
-52.122574
-46.153811
-44.185047
-41.216284
-40.247520
-38.278757
-36.309993
-33.341230
-33.372466
-38.403703
-53.434939
-78.466176
-95.497412
-93.528649
-83.559885
-77.591122
-75.622359
-74.653595
-73.684832
-70.716068
-60.747305
-44.778541
-28.809778
-16.841014
-5.872251
4.096513
13.065276
19.034040
23.002803
25.971567
21.940330
12.909093
8.877857
7.846620
11.815384
12.784147
8.752911
10.721674
20.690438
29.659201
34.627965
37.596728
40.565492
51.534255
62.503019
74.471782
85.440545
95.409309
98.378072
96.346836
93.315599
91.284363
93.253126
96.221890
98.190653
100.159417
99.128180
90.096944
78.065707
73.034471
79.003234
83.971998
88.940761
92.909524
96.878288
97.847051
95.815815
92.784578
93.753342
101.722105
106.690869
109.659632
114.628396
125.597159
138.565923
146.534686
150.503450
148.472213
142.440976
131.409740
117.378503
109.347267
111.316030
118.284794
127.253557
133.222321
134.191084
132.159848
124.128611
115.097375
111.066138
112.034902
109.003665
96.972429
84.941192
76.909955
72.878719
68.847482
65.816246
63.785009
52.753773
34.722536
8.691300
-15.339937
-34.371173
-49.402410
-62.433646
-69.464883
-70.496119
-65.527356
-60.558593
-56.589829
-54.621066
-52.652302
-43.683539
-24.714775
-4.746012
11.222752
17.191515
19.160279
20.129042
20.097806
17.066569
16.035333
25.004096
35.972860
40.941623
43.910386
46.879150
54.847913
66.816677
79.785440
87.754204
91.722967
91.691731
91.660494
95.629258
109.598021
130.566785
148.535548
162.504312
172.473075
177.441838
174.410602
162.379365
153.348129
154.316892
154.285656
145.254419
135.223183
123.191946
113.160710
101.129473
93.098237
90.067000
81.035764
67.004527
48.973291
31.942054
13.910817
-7.120419
-28.151656
-47.182892
-52.214129
-51.245365
-59.276602
-72.307838
-75.339075
-67.370311
-50.401548
-30.432784
-14.464021
-6.495257
-3.526494
5.442269
18.411033
28.379796
31.348560
32.317323
35.286087
47.254850
68.223614
89.192377
101.161141
107.129904
110.098668
114.067431
118.036195
123.004958
127.973721
132.942485
133.911248
132.880012
127.848775
123.817539
120.786302
123.755066
126.723829
125.692593
120.661356
111.630120
107.598883
111.567647
118.536410
120.505174
124.473937
137.442700
157.411464
174.380227
188.348991
205.317754
229.286518
256.255281
274.224045
284.192808
288.161572
290.130335
289.099099
278.067862
247.036626
207.005389
176.974152
158.942916
138.911679
120.880443
117.849206
121.817970
126.786733
128.755497
132.724260
137.693024
141.661787
143.630551
145.599314
149.568078
153.536841
154.505605
151.474368
139.443131
126.411895
117.380658
110.349422
101.318185
92.286949
88.255712
86.224476
87.193239
88.162003
93.130766
101.099530
108.068293
109.037057
111.005820
117.974583
123.943347
128.912110
130.880874
133.849637
134.818401
138.787164
146.755928
153.724691
156.693455
155.662218
152.630982
147.599745
140.568509
131.537272
130.506036
139.474799
153.443562
159.412326
158.381089
153.349853
138.318616
118.287380
89.256143
41.224907
-2.806330
-46.837566
-78.868803
-99.900039
-108.931276
-108.962512
-107.993749
-104.024986
-96.056222
-90.087459
-88.118695
-87.149932
-90.181168
-99.212405
-107.243641
-114.274878
-113.306114
-101.337351
-82.368587
-60.399824
-37.431060
-20.462297
-12.493533
-6.524770
-4.556007
-5.587243
-12.618480
-25.649716
-38.680953
-41.712189
-26.743426
-6.774662
18.194101
40.162865
55.131628
62.100392
63.069155
60.037919
53.006682
31.975445
1.944209
-34.087028
-70.118264
-83.149501
-71.180737
-59.211974
-54.243210
-57.274447
-62.305683
-62.336920
-56.368156
-41.399393
-25.430629
-9.461866
9.506898
32.475661
56.444424
71.413188
78.381951
81.350715
83.319478
81.288242
79.257005
83.225769
86.194532
85.163296
78.132059
81.100823
92.069586
98.038350
95.007113
84.975876
65.944640
54.913403
62.882167
83.850930
97.819694
104.788457
106.757221
108.725984
106.694748
103.663511
95.632275
87.601038
80.569802
70.538565
62.507328
55.476092
55.444855
63.413619
65.382382
62.351146
56.319909
50.288673
44.257436
32.226200
11.194963
-4.836273
-6.867510
-1.898746
1.070017
0.038781
2.007544
5.976307
12.945071
16.913834
17.882598
16.851361
17.820125
20.788888
22.757652
23.726415
21.695179
11.663942
-2.367294
-7.398531
0.570233
6.538996
6.507759
5.476523
14.445286
26.414050
36.382813
43.351577
48.320340
51.289104
53.257867
57.226631
68.195394
83.164158
96.132921
102.101685
105.070448
109.039212
111.007975
111.976738
112.945502
116.914265
122.883029
127.851792
127.820556
126.789319
125.758083
126.726846
128.695610
127.664373
125.633137
122.601900
121.570664
123.539427
130.508190
132.476954
134.445717
135.414481
140.383244
147.352008
152.320771
151.289535
149.258298
144.227062
140.195825
137.164589
129.133352
113.102116
103.070879
100.039643
98.008406
94.977169
93.945933
94.914696
101.883460
110.852223
114.820987
113.789750
106.758514
91.727277
68.696041
45.664804
33.633568
32.602331
18.571095
-12.460142
-51.491379
-95.522615
-131.553852
-151.585088
-151.616325
-146.647561
-154.678798
-168.710034
-178.741271
-178.772507
-183.803744
-188.834980
-179.866217
-150.897453
-126.928690
-100.959926
-88.991163
-80.022400
-74.053636
-64.084873
-57.116109
-54.147346
-54.178582
-53.209819
-52.241055
-51.272292
-53.303528
-56.334765
-54.366001
-47.397238
-39.428474
-35.459711
-31.490948
-18.522184
6.446579
13.415343
25.384106
39.352870
54.321633
58.290397
58.259160
53.227924
45.196687
45.165451
58.134214
76.102978
86.071741
90.040504
95.009268
102.978031
110.946795
116.915558
121.884322
129.853085
134.821849
141.790612
141.759376
140.728139
129.696903
114.665666
103.634430
103.603193
109.571957
116.540720
119.509483
118.478247
116.447010
113.415774
105.384537
93.353301
81.322064
79.290828
83.259591
84.228355
76.197118
58.165882
51.134645
61.103409
74.072172
81.040935
85.009699
83.978462
78.947226
67.915989
47.884753
33.853516
20.822280
1.791043
-38.240193
-85.271430
-127.302666
-158.333903
-176.365139
-192.396376
-201.427612
-199.458849
-191.490086
-186.521322
-166.552559
-142.583795
-120.615032
-103.646268
-101.677505
-94.708741
-84.739978
-75.771214
-65.802451
-57.833687
-45.864924
-33.896160
-21.927397
-13.958634
-8.989870
-4.021107
-2.052343
-4.083580
-17.114816
-42.146053
-81.177289
-127.208526
-158.239762
-167.270999
-175.302235
-186.333472
-193.364708
-192.395945
-192.427181
-194.458418
-198.489655
-202.520891
-206.552128
-209.583364
-211.614601
-211.645837
-200.677074
-184.708310
-164.739547
-147.770783
-143.802020
-141.833256
-138.864493
-135.895729
-138.926966
-137.958203
-133.989439
-127.020676
-119.051912
-115.083149
-113.114385
-108.145622
-103.176858
-100.208095
-103.239331
-103.270568
-96.301804
-85.333041
-79.364277
-79.395514
-82.426750
-80.457987
-74.489224
-68.520460
-66.551697
-65.582933
-55.614170
-41.645406
-34.676643
-34.707879
-35.739116
-33.770352
-20.801589
-6.832825
7.135938
21.104702
33.073465
45.042228
50.010992
56.979755
63.948519
73.917282
79.886046
84.854809
86.823573
90.792336
94.761100
92.729863
73.698627
39.667390
12.636154
6.604917
15.573680
19.542444
19.511207
19.479971
22.448734
25.417498
25.386261
20.355025
15.323788
12.292552
15.261315
22.230079
32.198842
44.167606
56.136369
66.105133
74.073896
78.042659
79.011423
75.980186
67.948950
66.917713
73.886477
79.855240
78.824004
73.792767
68.761531
64.730294
59.699058
53.667821
49.636585
49.605348
46.574111
42.542875
37.511638
33.480402
32.449165
26.417929
17.386692
4.355456
-3.675781
-1.707017
1.261746
-0.769490
0.199273
11.168037
23.136800
27.105564
23.074327
23.043090
34.011854
49.980617
61.949381
64.918144
67.886908
69.855671
71.824435
70.793198
65.761962
56.730725
51.699489
51.668252
51.637016
49.605779
41.574542
30.543306
25.512069
36.480833
55.449596
69.418360
74.387123
72.355887
64.324650
47.293414
28.262177
18.230941
23.199704
33.168468
43.137231
46.105995
46.074758
44.043521
41.012285
32.981048
20.949812
7.918575
-2.112661
-5.143898
-1.175134
3.793629
4.762393
0.731156
-13.300080
-31.331317
-35.362553
-24.393790
-11.425027
1.543737
9.512500
13.481264
16.450027
21.418791
30.387554
42.356318
59.325081
73.293845
84.262608
90.231372
93.200135
98.168899
106.137662
117.106426
124.075189
128.043952
129.012716
124.981479
117.950243
113.919006
117.887770
117.856533
110.825297
94.794060
85.762824
88.731587
95.700351
99.669114
94.637878
87.606641
85.575404
90.544168
96.512931
99.481695
100.450458
99.419222
96.387985
90.356749
86.325512
87.294276
91.263039
94.231803
90.200566
85.169330
84.138093
89.106857
95.075620
98.044383
98.013147
96.981910
93.950674
89.919437
81.888201
79.856964
78.825728
76.794491
65.763255
53.732018
40.700782
31.669545
28.638309
31.607072
33.575835
34.544599
35.513362
37.482126
36.450889
37.419653
38.388416
44.357180
55.325943
67.294707
74.263470
78.232234
82.200997
87.169761
91.138524
95.107287
98.076051
102.044814
103.013578
100.982341
94.951105
86.919868
83.888632
86.857395
84.826159
75.794922
60.763686
51.732449
50.701213
51.669976
52.638740
49.607503
43.576266
33.545030
31.513793
29.482557
28.451320
26.420084
27.388847
31.357611
39.326374
44.295138
46.263901
45.232665
42.201428
41.170192
41.138955
34.107718
19.076482
1.045245
9.014009
36.982772
67.951536
82.920299
89.889063
94.857826
102.826590
110.795353
117.764117
123.732880
130.701644
138.670407
143.639171
146.607934
147.576697
149.545461
147.514224
139.482988
121.451751
97.420515
82.389278
73.358042
62.326805
51.295569
47.264332
47.233096
45.201859
43.170623
44.139386
44.108149
47.076913
51.045676
54.014440
46.983203
30.951967
10.920730
-1.110506
-8.141743
-16.172979
-26.204216
-42.235452
-46.266689
-27.297925
-5.329162
7.639602
12.608365
14.577128
15.545892
16.514655
15.483419
16.452182
15.420946
6.389709
-10.641527
-32.672764
-43.704000
-46.735237
-39.766473
-23.797710
-2.828946
7.139817
7.108580
2.077344
-4.953893
-17.985129
-36.016366
-54.047602
-66.078839
-78.110075
-90.141312
-107.172548
-134.203785
-162.235021
-174.266258
-160.297494
-131.328731
-105.359967
-89.391204
-74.422441
-59.453677
-44.484914
-33.516150
-29.547387
-23.578623
-13.609860
-1.641096
1.327667
-2.703569
-13.734806
-19.766042
-14.797279
-4.828515
5.140248
12.109011
17.077775
22.046538
27.015302
32.984065
38.952829
43.921592
47.890356
50.859119
55.827883
64.796646
71.765410
74.734173
71.702937
66.671700
61.640463
50.609227
40.577990
32.546754
36.515517
47.484281
59.453044
62.421808
61.390571
59.359335
56.328098
53.296862
49.265625
46.234389
44.203152
40.171916
30.140679
16.109442
4.078206
1.046969
-0.984267
-6.015504
-14.046740
-23.077977
-27.109213
-28.140450
-28.171686
-25.202923
-25.234159
-24.265396
-18.296632
-9.327869
-3.359106
-1.390342
-2.421579
-0.452815
3.515948
7.484712
13.453475
20.422239
25.391002
26.359766
25.328529
22.297293
12.266056
-11.765180
-50.796417
-80.827653
-69.858890
-39.890127
-22.921363
-26.952600
-33.983836
-49.015073
-80.046309
-99.077546
-102.108782
-95.140019
-94.171255
-103.202492
-119.233728
-139.264965
-139.296201
-118.327438
-94.358675
-75.389911
-54.421148
-34.452384
-10.483621
12.485143
30.453906
42.422670
45.391433
37.360197
7.328960
-45.702276
-82.733513
-90.764749
-83.795986
-82.827222
-89.858459
-101.889696
-110.920932
-123.952169
-133.983405
-149.014642
-167.045878
-182.077115
-195.108351
-206.139588
-222.170824
-252.202061
-273.233297
-285.264534
-275.295770
-247.327007
-205.358244
-175.389480
-151.420717
-130.451953
-119.483190
-115.514426
-114.545663
-113.576899
-111.608136
-112.639372
-118.670609
-128.701845
-142.733082
-142.764318
-135.795555
-126.826791
-122.858028
-123.889265
-122.920501
-123.951738
-120.982974
-105.014211
-73.045447
-41.076684
-13.107920
7.860843
13.829607
13.798370
6.767134
-13.264103
-32.295339
-36.326576
-30.357813
-28.389049
-31.420286
-26.451522
-21.482759
-15.513995
-13.545232
-13.576468
-14.607705
-16.638941
-19.670178
-23.701414
-29.732651
-38.763887
-49.795124
-57.826361
-64.857597
-68.888834
-72.920070
-79.951307
-84.982543
-89.013780
-94.045016
-96.076253
-84.107489
-73.138726
-66.169962
-58.201199
-49.232435
-46.263672
-48.294908
-55.326145
-66.357382
-87.388618
-112.419855
-123.451091
-117.482328
-109.513564
-109.544801
-116.576037
-126.607274
-133.638510
-138.669747
-147.700983
-159.732220
-173.763456
-188.794693
-206.825930
-218.857166
-212.888403
-195.919639
-184.950876
-179.982112
-173.013349
-160.044585
-141.075822
-127.107058
-120.138295
-120.169531
-124.200768
-134.232004
-140.263241
-148.294477
-160.325714
-176.356951
-188.388187
-193.419424
-198.450660
-205.481897
-209.513133
-206.544370
-195.575606
-176.606843
-157.638079
-139.669316
-126.700552
-115.731789
-107.763025
-99.794262
-89.825499
-81.856735
-74.887972
-73.919208
-78.950445
