3
2
-1.331769
-5.318902
-6.306036
-4.293170
-1.280304
-5.267438
-13.254572
-26.241706
-28.228840
-24.215974
-18.203108
-17.190241
-19.177375
-20.164509
-20.151643
-16.138777
-6.125911
6.886955
13.899821
15.912687
13.925553
8.938420
3.951286
-2.035848
-3.022982
-1.010116
-2.997250
-10.984384
-21.971518
-26.958652
-22.945786
-15.932919
-12.920053
-14.907187
-23.894321
-26.881455
-20.868589
-7.855723
0.157143
0.170009
-1.817125
-6.804258
-9.791392
-10.778526
-9.765660
-8.752794
-10.739928
-9.727062
-9.714196
-12.701330
-15.688464
-23.675597
-29.662731
-30.649865
-25.636999
-18.624133
-14.611267
-11.598401
-10.585535
-10.572669
-12.559803
-15.546936
-16.534070
-14.521204
-16.508338
-20.495472
-28.482606
-35.469740
-38.456874
-35.444008
-30.431142
-32.418275
-30.405409
-24.392543
-16.379677
-12.366811
-9.353945
-3.341079
1.671787
3.684653
1.697520
-2.289614
-8.276748
-10.263882
-10.251016
-10.238150
-12.225284
-21.212418
-36.199552
-53.186686
-54.173819
-45.160953
-38.148087
-34.135221
-34.122355
-36.109489
-36.096623
-35.083757
-31.070891
-29.058025
-26.045158
-23.032292
-24.019426
-27.006560
-31.993694
-29.980828
-22.967962
-13.955096
-6.942230
-0.929364
7.083503
18.096369
27.109235
43.122101
45.134967
45.147833
42.160699
28.173565
28.186431
40.199297
46.212164
46.225030
46.237896
44.250762
41.263628
28.276494
26.289360
28.302226
42.315092
43.327958
41.340825
25.353691
23.366557
19.379423
16.392289
17.405155
26.418021
44.430887
47.443753
45.456619
29.469486
23.482352
20.495218
13.508084
9.520950
12.533816
13.546682
16.559548
17.572414
16.585280
15.598147
17.611013
22.623879
25.636745
24.649611
18.662477
12.675343
13.688209
19.701075
25.713941
27.726808
26.739674
24.752540
19.765406
13.778272
10.791138
8.804004
4.816870
-3.170264
-16.157398
-26.144531
-29.131665
-25.118799
-26.105933
-35.093067
-46.080201
-48.067335
-38.054469
-25.041603
-17.028737
-10.015870
-4.003004
-4.990138
-9.977272
-14.964406
-16.951540
-13.938674
-10.925808
-8.912942
-5.900076
-1.887209
0.125657
1.138523
0.151389
0.164255
1.177121
3.189987
5.202853
4.215719
4.228586
5.241452
6.254318
5.267184
2.280050
-1.707084
-7.694218
-11.681352
-8.668486
0.344380
4.357247
2.370113
-0.617021
-3.604155
-8.591289
-13.578423
-19.565557
-26.552691
-34.539825
-39.526959
-45.514092
-51.501226
-59.488360
-52.475494
-33.462628
-21.449762
-18.436896
-18.424030
-15.411164
-8.398298
-4.385431
0.627435
5.640301
10.653167
13.666033
11.678899
6.691765
2.704631
0.717497
-2.269637
-6.256770
-3.243904
1.768962
4.781828
1.794694
-3.192440
-1.179574
8.833292
16.846158
15.859024
11.871891
9.884757
10.897623
9.910489
6.923355
1.936221
-2.050913
-5.038047
-9.025181
-14.012315
-21.999448
-31.986582
-34.973716
-20.960850
-2.947984
6.064882
4.077748
2.090614
2.103480
3.116346
0.129213
-3.857921
-7.845055
-7.832189
-3.819323
0.193543
4.206409
5.219275
3.232141
2.245007
1.257874
0.270740
-2.716394
-0.703528
1.309338
5.322204
1.335070
-3.652064
-5.639198
-1.626332
2.386535
3.399401
2.412267
1.425133
0.437999
0.450865
-0.536269
-1.523403
3.489463
11.502329
16.515196
17.528062
16.540928
14.553794
11.566660
6.579526
1.592392
-2.394742
-10.381876
-16.369010
-18.356143
-21.343277
-25.330411
-30.317545
-30.304679
-25.291813
-21.278947
-17.266081
-12.253215
-11.240349
-14.227482
-14.214616
-8.201750
-2.188884
-0.176018
0.836848
0.849714
-0.137420
-1.124554
0.888313
3.901179
4.914045
3.926911
-3.060223
-12.047357
-11.034491
-4.021625
3.991241
5.004107
5.016974
0.029840
-2.957294
-2.944428
2.068438
7.081304
9.094170
6.107036
4.119902
0.132768
-4.854365
-9.841499
-4.828633
3.184233
8.197099
7.209965
6.222831
6.235697
6.248563
0.261429
-13.725704
-32.712838
-39.699972
-35.687106
-27.674240
-23.661374
-25.648508
-25.635642
-29.622776
-28.609910
-22.597043
-13.584177
-10.571311
-13.558445
-18.545579
-23.532713
-25.519847
-21.506981
-13.494115
-10.481249
-13.468382
-19.455516
-21.442650
-17.429784
-9.416918
-5.404052
-7.391186
-12.378320
-20.365454
-24.352588
-27.339721
-29.326855
-28.313989
-25.301123
-20.288257
-14.275391
-7.262525
-1.249659
0.763207
-3.223927
-10.211060
-21.198194
-29.185328
-30.172462
-24.159596
-15.146730
-9.133864
-7.120998
-8.108132
-19.095266
-37.082399
-45.069533
-38.056667
-23.043801
-10.030935
-1.018069
1.994797
4.007663
6.020529
9.033395
13.046262
14.059128
15.071994
15.084860
11.097726
1.110592
-7.876542
-11.863676
-13.850810
-18.837944
-18.825077
-15.812211
-15.799345
-12.786479
-14.773613
-12.760747
-3.747881
6.264985
9.277851
6.290717
-2.696416
-14.683550
-22.670684
-21.657818
-17.644952
-18.632086
-23.619220
-29.606354
-30.593488
-28.580621
-23.567755
-19.554889
-17.542023
-15.529157
-13.516291
-13.503425
-18.490559
-26.477693
-33.464827
-30.451960
-23.439094
-15.426228
-9.413362
-4.400496
-1.387630
-0.374764
-1.361898
-3.349032
-6.336166
-9.323299
-6.310433
0.702433
8.715299
9.728165
7.741031
1.753897
-7.233237
-23.220371
-37.207505
-43.194638
-40.181772
-38.168906
-38.156040
-36.143174
-29.130308
-21.117442
-17.104576
-18.091710
-17.078844
-18.065977
-20.053111
-25.040245
-32.027379
-39.014513
-37.001647
-21.988781
-8.975915
1.036951
-2.950183
-2.937316
-1.924450
1.088416
5.101282
3.114148
-2.872986
-7.860120
-3.847254
7.165612
13.178478
17.191345
15.204211
14.217077
14.229943
14.242809
13.255675
15.268541
15.281407
15.294273
13.307139
12.320006
12.332872
12.345738
14.358604
18.371470
24.384336
26.397202
21.410068
13.422934
4.435800
-2.551333
-2.538467
-0.525601
-1.512735
-3.499869
1.512997
5.525863
5.538729
-2.448405
-8.435539
-8.422672
-4.409806
-0.396940
1.615926
1.628792
-2.358342
-2.345476
0.667390
8.680256
19.693122
25.705989
26.718855
26.731721
23.744587
19.757453
16.770319
15.783185
15.796051
12.808917
6.821783
-0.165350
-2.152484
0.860382
1.873248
-4.113886
-10.101020
-8.088154
-4.075288
-5.062422
-13.049556
-22.036689
-22.023823
-14.010957
-7.998091
-6.985225
-11.972359
-15.959493
-15.946627
-11.933761
-11.920894
-12.908028
-14.895162
-16.882296
-19.869430
-17.856564
-13.843698
-12.830832
-13.817966
-17.805100
-20.792233
-17.779367
-12.766501
-11.753635
-6.740769
3.272097
13.284963
14.297829
14.310695
16.323561
19.336428
24.349294
24.362160
23.375026
20.387892
15.400758
10.413624
9.426490
10.439356
11.452222
9.465089
6.477955
4.490821
3.503687
6.516553
12.529419
17.542285
18.555151
16.568017
15.580883
13.593750
14.606616
18.619482
22.632348
24.645214
22.658080
22.670946
18.683812
15.696678
8.709544
3.722411
2.735277
3.748143
0.761009
-15.226125
-33.213259
-35.200393
-27.187527
-25.174661
-32.161795
-40.148928
-47.136062
-52.123196
-56.110330
-57.097464
-54.084598
-51.071732
-47.058866
-43.046000
-37.033134
-30.020267
-24.007401
-18.994535
-14.981669
-12.968803
-12.955937
-13.943071
-13.930205
-17.917339
-16.904473
-9.891606
2.121260
13.134126
21.146992
23.159858
22.172724
22.185590
21.198456
16.211322
13.224188
9.237055
7.249921
7.262787
8.275653
8.288519
9.301385
8.314251
9.327117
14.339983
16.352849
11.365716
-0.621418
-8.608552
-5.595686
-1.582820
2.430046
2.442912
0.455778
1.468644
3.481510
3.494377
-2.492757
-10.479891
-13.467025
-12.454159
-12.441293
-16.428427
-19.415561
-17.402695
-12.389828
-8.376962
-6.364096
-8.351230
-11.338364
-16.325498
-20.312632
-24.299766
-30.286900
-34.274034
-36.261167
-34.248301
-31.235435
-26.222569
-22.209703
-20.196837
-21.183971
-26.171105
-33.158239
-37.145373
-37.132506
-36.119640
-32.106774
-26.093908
-19.081042
-14.068176
-14.055310
-20.042444
-22.029578
-16.016712
-6.003845
2.009021
6.021887
13.034753
21.047619
28.060485
31.073351
30.086217
28.099083
26.111949
27.124816
27.137682
26.150548
29.163414
48.176280
55.189146
55.202012
50.214878
32.227744
25.240610
15.253477
14.266343
12.279209
13.292075
10.304941
4.317807
1.330673
2.343539
10.356405
17.369271
20.382138
14.395004
5.407870
-3.579264
-7.566398
-12.553532
-14.540666
-14.527800
-13.514934
-13.502068
-14.489201
-12.476335
-7.463469
-5.450603
-6.437737
-6.424871
-3.412005
0.600861
5.613727
5.626593
2.639460
-5.347674
-9.334808
-16.321942
-14.309076
-8.296210
-5.283344
-1.270478
4.742388
6.755254
5.768121
1.780987
-0.206147
-1.193281
2.819585
10.832451
17.845317
20.858183
20.871049
20.883915
24.896782
26.909648
26.922514
19.935380
7.948246
-4.038888
-4.026022
1.986844
9.999710
12.012576
12.025443
13.038309
15.051175
17.064041
19.076907
18.089773
18.102639
18.115505
16.128371
14.141237
13.154104
12.166970
11.179836
10.192702
13.205568
20.218434
26.231300
29.244166
31.257032
33.269899
32.282765
29.295631
21.308497
10.321363
2.334229
-1.652905
-3.640039
-1.627173
6.385693
17.398560
25.411426
26.424292
25.437158
23.450024
26.462890
25.475756
24.488622
22.501488
17.514354
11.527221
13.540087
21.552953
25.565819
19.578685
6.591551
-1.395583
-6.382717
-12.369851
-17.356985
-19.344118
-15.331252
-10.318386
-6.305520
-10.292654
-18.279788
-25.266922
-23.254056
-13.241190
-7.228324
-5.215457
-5.202591
-6.189725
-5.176859
1.836007
13.848873
19.861739
21.874605
22.887471
24.900337
24.913204
23.926070
23.938936
23.951802
22.964668
16.977534
6.990400
-2.996734
-6.983868
-5.971002
-0.958135
-3.945269
-6.932403
-4.919537
5.093329
17.106195
20.119061
16.131927
9.144793
4.157659
8.170526
12.183392
14.196258
14.209124
14.221990
12.234856
12.247722
12.260588
11.273454
8.286320
8.299187
14.312053
24.324919
31.337785
36.350651
39.363517
39.376383
34.389249
28.402115
19.414981
13.427848
13.440714
9.453580
-0.533554
-15.520688
-29.507822
-32.494956
-24.482090
-11.469224
-3.456358
-0.443491
-1.430625
-3.417759
-4.404893
-1.392027
0.620839
-0.366295
-5.353429
-6.340563
0.672303
8.685170
11.698036
10.710902
7.723768
2.736634
-0.250500
-1.237634
-12.224768
-27.211902
-36.199035
-34.186169
-27.173303
-19.160437
-15.147571
-15.134705
-16.121839
-17.108973
-19.096107
-16.083241
-11.070374
-9.057508
-13.044642
-14.031776
-5.018910
6.993956
12.006822
9.019688
7.032554
13.045420
24.058287
32.071153
34.084019
32.096885
27.109751
23.122617
23.135483
25.148349
26.161215
26.174081
27.186948
15.199814
1.212680
-6.774454
3.238412
18.251278
29.264144
39.277010
65.289876
74.302742
72.315609
61.328475
40.341341
38.354207
56.367073
63.379939
66.392805
63.405671
59.418537
39.431403
25.444270
11.457136
5.470002
9.482868
13.495734
15.508600
15.521466
17.534332
18.547198
19.560064
19.572931
20.585797
18.598663
6.611529
-10.375605
-18.362739
-22.349873
-22.337007
-17.324141
-7.311275
-2.298408
-2.285542
-3.272676
-1.259810
1.753056
5.765922
9.778788
11.791654
12.804520
8.817386
-3.169747
-17.156881
-25.144015
-16.131149
-10.118283
-8.105417
-17.092551
-23.079685
-18.066819
-5.053953
7.958914
17.971780
21.984646
22.997512
23.010378
21.023244
19.036110
17.048976
19.061842
30.074708
57.087575
68.100441
71.113307
70.126173
66.139039
61.151905
53.164771
32.177637
21.190503
22.203369
29.216236
36.229102
37.241968
27.254834
12.267700
6.280566
5.293432
6.306298
7.319164
8.332030
12.344897
18.357763
24.370629
28.383495
31.396361
34.409227
34.422093
27.434959
16.447825
6.460692
4.473558
1.486424
-7.500710
-14.487844
-13.474978
-9.462112
-12.449246
-34.436380
-55.423514
-49.410647
-31.397781
-18.384915
-15.372049
-15.359183
-12.346317
-9.333451
-9.320585
-10.307719
-17.294853
-24.281986
-33.269120
-47.256254
-57.243388
-58.230522
-56.217656
-56.204790
-57.191924
-52.179058
-43.166192
-36.153325
-31.140459
-37.127593
-38.114727
-33.101861
-24.088995
-15.076129
-11.063263
-9.050397
-7.037531
-6.024664
-6.011798
-1.998932
3.013934
6.026800
5.039666
4.052532
3.065398
3.078264
3.091130
2.103997
8.116863
16.129729
21.142595
24.155461
22.168327
16.181193
6.194059
1.206925
3.219791
8.232658
7.245524
1.258390
2.271256
11.284122
19.296988
22.309854
20.322720
16.335586
11.348452
4.361319
-0.625815
-0.612949
4.399917
9.412783
14.425649
15.438515
13.451381
10.464247
9.477113
7.489980
-0.497154
-19.484288
-34.471422
-29.458556
-8.445690
6.567176
13.580042
16.592908
20.605774
25.618641
27.631507
26.644373
21.657239
16.670105
11.682971
9.695837
7.708703
0.721569
-5.265565
-2.252698
2.760168
5.773034
6.785900
7.798766
10.811632
9.824498
3.837364
-1.149770
0.863096
12.875963
26.888829
34.901695
34.914561
30.927427
22.940293
13.953159
10.966025
10.978891
8.991757
7.004624
6.017490
8.030356
10.043222
10.056088
6.068954
2.081820
-0.905314
-1.892448
-7.879581
-13.866715
-21.853849
-24.840983
-26.828117
-28.815251
-35.802385
-40.789519
-34.776653
-21.763787
-8.750920
-0.738054
3.274812
6.287678
4.300544
-0.686590
-11.673724
-28.660858
-36.647992
-27.635126
-13.622259
-10.609393
-11.596527
-16.583661
-19.570795
-15.557929
-7.545063
-3.532197
-3.519331
-6.506465
-14.493598
-16.480732
-17.467866
-20.455000
-26.442134
-32.429268
-36.416402
-38.403536
-39.390670
-36.377804
-35.364937
-36.352071
-39.339205
-45.326339
-46.313473
-37.300607
-27.287741
-22.274875
-22.262009
-23.249143
-27.236276
-24.223410
-14.210544
-5.197678
-3.184812
-8.171946
-16.159080
-20.146214
-15.133348
-8.120482
-2.107615
-1.094749
-3.081883
-9.069017
-17.056151
-21.043285
-19.030419
-13.017553
-16.004687
-16.991821
-16.978954
-17.966088
-22.953222
-24.940356
-24.927490
-26.914624
-27.901758
-21.888892
-10.876026
-4.863160
-5.850293
-8.837427
-14.824561
-21.811695
-30.798829
-33.785963
-37.773097
-45.760231
-52.747365
-50.734499
-44.721632
-41.708766
-42.695900
-47.683034
-51.670168
-44.657302
-32.644436
-22.631570
-19.618704
-14.605838
-8.592971
-1.580105
3.432761
5.445627
6.458493
5.471359
7.484225
10.497091
12.509957
13.522823
13.535690
14.548556
13.561422
10.574288
6.587154
8.600020
13.612886
15.625752
16.638618
14.651485
10.664351
8.677217
9.690083
8.702949
9.715815
12.728681
12.741547
8.754413
4.767279
3.780146
3.793012
4.805878
4.818744
2.831610
-3.155524
-10.142658
-15.129792
-17.116926
-15.104060
-14.091193
-17.078327
-30.065461
-41.052595
-44.039729
-41.026863
-36.013997
-31.001131
-26.988265
-28.975399
-31.962532
-33.949666
-31.936800
-34.923934
-33.911068
-30.898202
-28.885336
-28.872470
-29.859604
-30.846738
-25.833871
-13.821005
-5.808139
-3.795273
-6.782407
-10.769541
-10.756675
3.256191
19.269057
27.281923
26.294790
20.307656
13.320522
6.333388
-1.653746
-8.640880
-14.628014
-15.615148
-10.602282
-5.589416
-0.576549
5.436317
11.449183
15.462049
8.474915
6.487781
9.500647
16.513513
21.526379
26.539245
28.552112
26.564978
19.577844
10.590710
7.603576
6.616442
3.629308
-3.357826
-9.344960
-11.332094
-11.319227
-11.306361
-8.293495
0.719371
8.732237
12.745103
12.757969
11.770835
12.783701
14.796567
14.809434
14.822300
11.835166
8.848032
9.860898
13.873764
17.886630
13.899496
2.912362
-13.074772
-19.061905
-14.049039
-8.036173
-8.023307
-13.010441
-13.997575
-13.984709
-15.971843
-20.958977
-23.946111
-25.933244
-27.920378
-26.907512
-23.894646
-20.881780
-20.868914
-18.856048
-16.843182
-12.830316
-10.817450
-7.804583
-2.791717
1.221149
2.234015
1.246881
3.259747
6.272613
11.285479
19.298345
28.311212
32.324078
33.336944
33.349810
33.362676
35.375542
36.388408
35.401274
29.414140
25.427006
27.439873
27.452739
25.465605
18.478471
13.491337
10.504203
7.517069
4.529935
1.542801
-3.444333
-6.431466
-6.418600
-3.405734
-0.392868
0.619998
-0.367136
-3.354270
-11.341404
-22.328538
-30.315672
-33.302805
-29.289939
-24.277073
-20.264207
-16.251341
-12.238475
-9.225609
-9.212743
-12.199877
-18.187011
-26.174144
-33.161278
-41.148412
-45.135546
-44.122680
-36.109814
-27.096948
-23.084082
-24.071216
-29.058350
-34.045483
-34.032617
-25.019751
-11.006885
3.005981
10.018847
14.031713
18.044579
18.057445
18.070311
17.083178
18.096044
21.108910
23.121776
20.134642
14.147508
11.160374
14.173240
17.186106
22.198972
28.211839
32.224705
34.237571
35.250437
37.263303
42.276169
58.289035
62.301901
62.314767
62.327633
65.340500
68.353366
65.366232
46.379098
34.391964
28.404830
31.417696
37.430562
37.443428
32.456294
27.469161
30.482027
37.494893
43.507759
44.520625
44.533491
44.546357
46.559223
46.572089
40.584955
33.597822
24.610688
20.623554
22.636420
28.649286
36.662152
39.675018
38.687884
37.700750
38.713616
38.726483
34.739349
22.752215
6.765081
-1.222053
-0.209187
6.803679
14.816545
20.829411
22.842278
22.855144
19.868010
13.880876
6.893742
0.906608
-3.080526
-5.067660
-10.054794
-15.041928
-14.029061
-5.016195
0.996671
3.009537
1.022403
2.035269
3.048135
2.061001
-1.926133
-7.913267
-11.900400
-11.887534
-12.874668
-11.861802
-8.848936
-4.836070
-5.823204
-8.810338
-5.797472
6.215394
19.228261
25.241127
26.253993
27.266859
27.279725
29.292591
28.305457
28.318323
29.331189
32.344055
30.356922
23.369788
19.382654
27.395520
44.408386
63.421252
64.434118
62.446984
59.459850
46.472716
45.485583
42.498449
31.511315
14.524181
-3.462953
-12.450087
-18.437221
-11.424355
-0.411489
6.601377
1.614244
-15.372890
-32.360024
-28.347158
-16.334292
-7.321426
-4.308560
-5.295694
-6.282828
-8.269962
-10.257095
-11.244229
-5.231363
1.781503
6.794369
6.807235
7.820101
14.832967
15.845833
16.858699
14.871566
14.884432
14.897298
16.910164
16.923030
16.935896
16.948762
16.961628
13.974494
11.987360
12.000227
10.013093
7.025959
10.038825
19.051691
26.064557
31.077423
29.090289
27.103155
24.116021
18.128888
10.141754
1.154620
-1.832514
2.180352
8.193218
9.206084
1.218950
-9.768184
-15.755318
-12.742451
-5.729585
2.283281
7.296147
9.309013
10.321879
8.334745
2.347611
-2.639523
-3.626657
-1.613790
-4.600924
-13.588058
-30.575192
-47.562326
-51.549460
-46.536594
-38.523728
-30.510862
-22.497995
-16.485129
-13.472263
-8.459397
-5.446531
-5.433665
-7.420799
-9.407933
-3.395067
6.617799
17.630666
24.643532
26.656398
24.669264
21.682130
17.694996
14.707862
6.720728
0.733594
-1.253540
-3.240673
-12.227807
-26.214941
-35.202075
-39.189209
-37.176343
-37.163477
-39.150611
-42.137745
-45.124879
-47.112012
-44.099146
-29.086280
-11.073414
1.939452
4.952318
3.965184
1.978050
0.990916
2.003782
3.016649
4.029515
3.042381
3.055247
4.068113
3.080979
-1.906155
-8.893289
-14.880423
-19.867557
-21.854690
-23.841824
-27.828958
-28.816092
-24.803226
-17.790360
-11.777494
-12.764628
-16.751762
-17.738896
-14.726029
-15.713163
-19.700297
-26.687431
-34.674565
-41.661699
-45.648833
-38.635967
-25.623101
-14.610235
-6.597368
-0.584502
2.428364
3.441230
7.454096
15.466962
21.479828
23.492694
24.505560
28.518426
30.531293
26.544159
19.557025
19.569891
27.582757
35.595623
36.608489
34.621355
30.634221
29.647087
31.659954
31.672820
27.685686
18.698552
8.711418
3.724284
6.737150
10.750016
11.762882
11.775748
10.788615
8.801481
4.814347
-1.172787
-11.159921
-19.147055
-12.134189
-2.121323
3.891543
1.904409
-2.082724
-6.069858
-6.056992
1.955874
6.968740
10.981606
10.994472
9.007338
6.020204
3.033071
1.045937
2.058803
5.071669
9.084535
10.097401
11.110267
10.123133
9.135999
14.148865
20.161732
21.174598
15.187464
6.200330
7.213196
11.226062
13.238928
11.251794
4.264660
-3.722474
-7.709607
-9.696741
-18.683875
-29.671009
-30.658143
-21.645277
-12.632411
-7.619545
-6.606679
-7.593813
-11.580946
-19.568080
-28.555214
-36.542348
-42.529482
-47.516616
-48.503750
-38.490884
-18.478018
2.534848
11.547715
12.560581
10.573447
8.586313
4.599179
-0.387955
-4.375089
-3.362223
-7.349357
-15.336491
-24.323624
-28.310758
-22.297892
-9.285026
0.727840
4.740706
4.753572
4.766438
8.779304
22.792170
34.805037
37.817903
33.830769
27.843635
14.856501
-1.130633
-19.117767
-22.104901
-13.092035
-3.079169
1.933698
6.946564
15.959430
26.972296
34.985162
36.998028
36.010894
33.023760
29.036626
20.049492
15.062359
14.075225
19.088091
24.100957
24.113823
19.126689
16.139555
13.152421
10.165287
5.178153
-4.808980
-12.796114
-13.783248
-9.770382
-3.757516
-1.744650
-2.731784
-5.718918
-6.706052
-5.693186
-3.680319
-2.667453
0.345413
6.358279
11.371145
11.384011
7.396877
-0.590257
-12.577391
-16.564525
-17.551658
-19.538792
-20.525926
-12.513060
-3.500194
2.512672
6.525538
5.538404
0.551270
-6.435864
-12.422997
-11.410131
-4.397265
-1.384399
-0.371533
-4.358667
-7.345801
-3.332935
5.679931
9.692798
12.705664
12.718530
6.731396
-5.255738
-14.242872
-18.230006
-32.217140
-47.204274
-48.191408
-42.178541
-38.165675
-40.152809
-41.139943
-36.127077
-28.114211
-23.101345
-22.088479
-23.075613
-28.062747
-31.049880
-30.037014
-20.024148
-10.011282
-3.998416
0.014450
4.027316
7.040182
10.053048
11.065914
10.078781
1.091647
0.104513
10.117379
20.130245
20.143111
10.155977
-0.831157
-8.818291
-10.805425
-10.792558
-12.779692
-13.766826
-15.753960
-17.741094
-18.728228
-17.715362
-16.702496
-15.689630
-14.676764
-10.663897
-9.651031
-10.638165
-8.625299
-6.612433
-7.599567
-13.586701
-18.573835
-16.560969
-19.548103
-18.535236
-16.522370
-17.509504
-21.496638
-25.483772
-27.470906
-28.458040
-26.445174
-24.432308
-22.419442
-22.406575
-21.393709
-10.380843
1.632023
7.644889
5.657755
-0.329379
-7.316513
-9.303647
-4.290781
6.722086
22.734952
33.747818
37.760684
37.773550
36.786416
28.799282
26.812148
29.825014
34.837880
36.850747
37.863613
35.876479
30.889345
20.902211
16.915077
19.927943
21.940809
18.953675
15.966541
16.979408
21.992274
27.005140
26.018006
29.030872
30.043738
29.056604
29.069470
32.082336
33.095202
32.108069
31.120935
26.133801
13.146667
3.159533
2.172399
9.185265
15.198131
17.210997
15.223864
11.236730
7.249596
8.262462
9.275328
9.288194
9.301060
1.313926
0.326792
0.339658
0.352525
1.365391
1.378257
-0.608877
-1.596011
0.416855
4.429721
7.442587
7.455453
5.468319
-1.518814
-11.505948
-14.493082
-10.480216
-5.467350
-3.454484
-5.441618
-10.428752
-12.415886
-18.403020
-22.390153
-28.377287
-32.364421
-36.351555
-38.338689
-37.325823
-29.312957
-20.300091
-12.287225
-7.274359
-3.261492
-1.248626
0.764240
1.777106
2.789972
6.802838
10.815704
14.828570
21.841436
33.854302
41.867169
45.880035
44.892901
43.905767
42.918633
40.931499
35.944365
31.957231
27.970097
24.982963
12.995830
2.008696
-4.978438
0.034428
0.047294
2.060160
5.073026
8.085892
11.098758
15.111624
16.124491
15.137357
14.150223
14.163089
11.175955
8.188821
8.201687
14.214553
18.227419
20.240285
19.253152
18.266018
16.278884
18.291750
21.304616
27.317482
33.330348
39.343214
44.356080
48.368946
49.381813
50.394679
50.407545
49.420411
50.433277
49.446143
42.459009
31.471875
19.484741
18.497607
20.510474
22.523340
23.536206
20.549072
17.561938
10.574804
6.587670
8.600536
5.613402
6.626268
14.639135
19.652001
21.664867
17.677733
5.690599
-6.296535
-12.283669
-14.270803
-15.257937
-16.245071
-13.232204
-9.219338
-7.206472
-3.193606
0.819260
5.832126
4.844992
-2.142142
-15.129276
-25.116409
-30.103543
-36.090677
-46.077811
-53.064945
-51.052079
-41.039213
-33.026347
-32.013481
-32.000615
-24.987748
-15.974882
-12.962016
-10.949150
-10.936284
-8.923418
-3.910552
0.102314
3.115180
5.128046
3.140913
-4.846221
-14.833355
-16.820489
-12.807623
-10.794757
-7.781891
-6.769025
-6.756159
-5.743293
-4.730426
-0.717560
4.295306
5.308172
0.321038
-8.666096
-19.653230
-25.640364
-23.627498
-16.614632
-14.601765
-18.588899
-20.576033
-19.563167
-14.550301
-14.537435
-15.524569
-17.511703
-18.498837
-21.485971
-22.473104
-20.460238
-18.447372
-20.434506
-30.421640
-38.408774
-40.395908
-37.383042
-29.370176
-22.357310
-19.344443
-23.331577
-28.318711
-30.305845
-27.292979
-22.280113
-18.267247
-17.254381
-15.241515
-8.228649
-2.215782
1.797084
2.809950
-0.177184
-0.164318
0.848548
2.861414
5.874280
10.887146
12.900012
11.912879
7.925745
4.938611
6.951477
7.964343
-1.022791
-16.009925
-23.997059
-21.984193
-14.971327
-10.958460
-7.945594
-4.932728
0.080138
5.093004
8.105870
10.118736
10.131602
8.144468
0.157334
-11.829799
-21.816933
-25.804067
-24.791201
-22.778335
-18.765469
-11.752603
-6.739737
-9.726871
-16.714005
-20.701138
-16.688272
-11.675406
-5.662540
1.350326
8.363192
14.376058
18.388924
26.401790
38.414657
50.427523
68.440389
70.453255
56.466121
40.478987
12.491853
-9.495281
-17.482415
-14.469549
-9.456682
-11.443816
-20.430950
-27.418084
-25.405218
-18.392352
-15.379486
-17.366620
-19.353754
-19.340888
-19.328021
-13.315155
-8.302289
-2.289423
7.723443
16.736309
21.749175
20.762041
18.774907
14.787773
16.800640
18.813506
19.826372
21.839238
23.852104
22.864970
18.877836
17.890702
21.903568
28.916434
30.929301
28.942167
28.955033
20.967899
12.980765
6.993631
5.006497
6.019363
5.032229
1.045095
2.057962
3.070828
4.083694
4.096560
7.109426
9.122292
11.135158
13.148024
16.160890
19.173756
20.186623
21.199489
21.212355
26.225221
28.238087
28.250953
21.263819
13.276685
7.289551
7.302417
10.315284
13.328150
11.341016
11.353882
7.366748
0.379614
-13.607520
-23.594654
-23.581788
-15.568922
-11.556055
-10.543189
-10.530323
-5.517457
-2.504591
-0.491725
-2.478859
-9.465993
-22.453127
-32.440261
-39.427394
-41.414528
-42.401662
-46.388796
-49.375930
-47.363064
-42.350198
-39.337332
-33.324466
-30.311600
-27.298733
-27.285867
-24.273001
-19.260135
-12.247269
-6.234403
-0.221537
5.791329
13.804195
14.817061
17.829928
12.842794
13.855660
12.868526
9.881392
4.894258
3.907124
4.919990
9.932856
14.945722
20.958589
24.971455
26.984321
27.997187
27.010053
24.022919
21.035785
16.048651
6.061517
-8.925616
-20.912750
-22.899884
-20.887018
-20.874152
-23.861286
-27.848420
-28.835554
-26.822688
-23.809822
-22.796955
-13.784089
1.228777
13.241643
18.254509
17.267375
14.280241
9.293107
4.305973
5.318839
11.331706
18.344572
20.357438
19.370304
10.383170
-5.603964
-24.591098
-32.578232
-30.565366
-25.552500
-21.539633
-18.526767
-14.513901
-9.501035
-3.488169
5.524697
17.537563
24.550429
22.563295
19.576161
18.589028
21.601894
21.614760
20.627626
15.640492
11.653358
7.666224
6.679090
10.691956
13.704822
11.717689
4.730555
-3.256579
-7.243713
-9.230847
-8.217981
-6.205115
-4.192249
0.820617
2.833483
2.846350
3.859216
5.872082
7.884948
9.897814
9.910680
10.923546
16.936412
26.949278
30.962144
30.975011
28.987877
27.000743
29.013609
31.026475
32.039341
34.052207
36.065073
36.077939
32.090805
28.103672
26.116538
25.129404
26.142270
28.155136
28.168002
25.180868
17.193734
16.206600
21.219466
28.232333
30.245199
29.258065
24.270931
15.283797
6.296663
0.309529
-2.677605
-0.664739
0.348127
-3.639006
-10.626140
-12.613274
-8.600408
-3.587542
1.425324
4.438190
9.451056
14.463922
13.476788
3.489655
-12.497479
-23.484613
-20.471747
-16.458881
-12.446015
-7.433149
1.579717
10.592583
15.605450
23.618316
23.631182
28.644048
34.656914
37.669780
35.682646
27.695512
15.708378
3.721244
-0.265889
7.746977
17.759843
23.772709
23.785575
17.798441
12.811307
16.824173
29.837039
44.849905
49.862772
45.875638
39.888504
35.901370
29.914236
27.927102
18.939968
6.952834
-1.034300
-3.021434
-3.008567
-1.995701
1.017165
8.030031
16.042897
23.055763
28.068629
28.081495
24.094361
11.107227
-5.879906
-13.867040
-12.854174
-14.841308
-11.828442
-5.815576
2.197290
4.210156
5.223022
7.235888
10.248755
16.261621
20.274487
22.287353
24.300219
25.313085
23.325951
20.338817
18.351683
25.364549
37.377416
45.390282
47.403148
43.416014
37.428880
26.441746
22.454612
22.467478
13.480344
0.493210
-9.493923
-9.481057
-6.468191
-3.455325
-4.442459
-5.429593
-8.416727
-9.403861
-9.390995
-7.378129
-9.365262
-14.352396
-18.339530
-18.326664
-17.313798
-18.300932
-19.288066
-15.275200
-19.262334
-15.249468
-12.236601
-12.223735
-10.210869
-7.198003
-7.185137
-13.172271
-14.159405
-8.146539
-2.133673
1.879193
5.892060
8.904926
9.917792
8.930658
9.943524
14.956390
19.969256
25.982122
27.994988
27.007854
21.020721
11.033587
3.046453
0.059319
3.072185
7.085051
10.097917
8.110783
5.123649
1.136515
-2.850618
-8.837752
-11.824886
-15.812020
-18.799154
-26.786288
-37.773422
-44.760556
-34.747690
-17.734823
-1.721957
4.290909
3.303775
-1.683359
-11.670493
-26.657627
-36.644761
-32.631895
-18.619029
-8.606162
-2.593296
-2.580430
-4.567564
-12.554698
-16.541832
-14.528966
-6.516100
-3.503234
-5.490368
-8.477501
-0.464635
12.548231
22.561097
27.573963
29.586829
30.599695
29.612561
23.625427
13.638293
7.651160
4.664026
2.676892
4.689758
6.702624
5.715490
1.728356
0.741222
0.754088
-0.233046
-3.220179
-4.207313
-0.194447
3.818419
7.831285
11.844151
17.857017
21.869883
22.882749
21.895615
21.908482
22.921348
23.934214
25.947080
23.959946
25.972812
26.985678
26.998544
24.011410
18.024276
10.037143
6.050009
1.062875
-9.924259
-12.911393
0.101473
14.114339
23.127205
24.140071
23.152937
25.165804
28.178670
29.191536
29.204402
28.217268
26.230134
26.243000
27.255866
30.268732
32.281598
31.294465
31.307331
33.320197
35.333063
32.345929
30.358795
34.371661
42.384527
45.397393
40.410259
27.423126
21.435992
26.448858
33.461724
35.474590
36.487456
37.500322
34.513188
26.526054
14.538920
4.551787
-5.435347
-15.422481
-22.409615
-21.396749
-11.383883
0.628983
8.641849
12.654715
13.667581
23.680448
28.693314
30.706180
26.719046
20.731912
9.744778
-1.242356
-5.229490
-0.216624
6.796243
9.809109
8.821975
7.834841
6.847707
3.860573
0.873439
-3.113695
-9.100829
-10.087963
-8.075096
-4.062230
-3.049364
-7.036498
-11.023632
-14.010766
-13.997900
-10.985034
-2.972168
7.040698
13.053565
12.066431
11.079297
10.092163
10.105029
9.117895
9.130761
13.143627
20.156493
29.169359
34.182226
34.195092
33.207958
31.220824
29.233690
21.246556
13.259422
8.272288
4.285154
-4.701980
-17.689113
-26.676247
-35.663381
-46.650515
-58.637649
-74.624783
-87.611917
-87.599051
-69.586185
-49.573319
-33.560452
-28.547586
-25.534720
-23.521854
-24.508988
-26.496122
-25.483256
-17.470390
-4.457524
4.555342
10.568209
14.581075
17.593941
18.606807
17.619673
14.632539
13.645405
11.658271
9.671137
6.684003
-0.303130
-7.290264
-8.277398
-3.264532
0.748334
0.761200
-1.225934
-5.213068
-8.200202
-9.187336
-9.174469
-11.161603
-16.148737
-20.135871
-22.123005
-18.110139
-10.097273
-3.084407
-3.071541
-7.058675
-14.045808
-18.032942
-20.020076
-21.007210
-16.994344
-10.981478
-4.968612
-1.955746
-3.942880
-2.930014
4.082853
10.095719
12.108585
10.121451
2.134317
-7.852817
-16.839951
-19.827085
-17.814219
-11.801353
-7.788486
-4.775620
0.237246
10.250112
25.262978
32.275844
33.288710
28.301576
22.314442
22.327308
28.340175
35.353041
33.365907
31.378773
24.391639
16.404505
9.417371
8.430237
12.443103
17.455970
21.468836
21.481702
10.494568
-7.492566
-22.479700
-27.466834
-21.453968
-13.441102
-6.428236
-2.415369
6.597497
13.610363
17.623229
21.636095
27.648961
34.661827
35.674693
32.687559
22.700425
9.713292
-1.273842
-1.260976
8.751890
14.764756
16.777622
17.790488
21.803354
28.816220
33.829086
34.841953
33.854819
30.867685
25.880551
18.893417
7.906283
0.919149
2.932015
10.944881
16.957747
22.970614
26.983480
29.996346
31.009212
29.022078
29.034944
31.047810
34.060676
29.073542
22.086408
24.099275
34.112141
42.125007
47.137873
47.150739
44.163605
38.176471
29.189337
16.202203
10.215069
12.227936
14.240802
15.253668
13.266534
9.279400
3.292266
2.305132
1.317998
-1.669136
-0.656270
0.356597
-1.630537
-7.617671
-15.604805
-15.591939
-10.579073
-7.566207
-5.553341
-0.540475
4.472391
3.485258
-0.501876
-7.489010
-9.476144
-6.463278
-2.450412
2.562454
10.575320
18.588186
26.601052
23.613919
17.626785
6.639651
-3.347483
-9.334617
-14.321751
-19.308885
-22.296019
-18.283153
-7.270287
6.742580
13.755446
21.768312
29.781178
36.794044
38.806910
36.819776
31.832642
26.845508
17.858374
4.871241
-6.115893
-6.103027
-1.090161
0.922705
-2.064429
-8.051563
-12.038697
-15.025831
-19.012965
-22.000098
-26.987232
-28.974366
-27.961500
-25.948634
-25.935768
-29.922902
-36.910036
-33.897170
-21.884303
-7.871437
-1.858571
2.154295
5.167161
6.180027
0.192893
-6.794241
-5.781375
4.231491
12.244358
12.257224
7.270090
4.282956
4.295822
14.308688
13.321554
16.334420
15.347286
12.360152
7.373019
10.385885
15.398751
17.411617
13.424483
14.437349
16.450215
17.463081
13.475947
10.488813
11.501680
19.514546
26.527412
29.540278
27.553144
20.566010
8.578876
-4.408258
-6.395392
-3.382526
-2.369659
-4.356793
-0.343927
5.668939
11.681805
14.694671
15.707537
13.720403
8.733269
5.746135
10.759002
16.771868
19.784734
16.797600
8.810466
2.823332
-2.163802
-5.150936
-9.138070
-16.125204
-25.112337
-31.099471
-31.086605
-32.073739
-34.060873
-35.048007
-33.035141
-28.022275
-24.009409
-21.996543
-23.983676
-26.970810
-26.957944
-24.945078
-23.932212
-27.919346
-30.906480
-27.893614
-16.880748
-0.867882
9.144985
10.157851
7.170717
5.183583
9.196449
14.209315
12.222181
2.235047
-2.752087
-0.739221
7.273646
13.286512
14.299378
14.312244
13.325110
7.337976
-1.649158
-3.636292
3.376574
12.389440
16.402307
15.415173
8.428039
-1.559095
-6.546229
-7.533363
-8.520497
-16.507631
-30.494765
-41.481899
-39.469032
-32.456166
-23.443300
-12.430434
-5.417568
0.595298
7.608164
14.621030
18.633896
19.646763
15.659629
6.672495
-4.314639
-6.301773
4.711093
18.723959
27.736825
31.749691
32.762557
35.775424
28.788290
27.801156
25.814022
20.826888
14.839754
16.852620
24.865486
31.878352
32.891218
31.904085
29.916951
25.929817
16.942683
3.955549
-8.031585
-5.018719
4.994147
12.007013
11.019879
6.032746
0.045612
1.058478
10.071344
15.084210
17.097076
18.109942
18.122808
11.135674
0.148540
-13.838593
-19.825727
-19.812861
-18.799995
-17.787129
-13.774263
-3.761397
4.251469
7.264335
7.277201
8.290068
7.302934
1.315800
-3.671334
-2.658468
-5.645602
-10.632736
-14.619870
-6.607004
6.405862
13.418729
19.431595
20.444461
16.457327
5.470193
0.483059
7.495925
15.508791
14.521657
5.534523
-1.452610
0.560256
5.573122
10.585988
14.598854
16.611720
15.624586
12.637452
11.650318
10.663184
6.676051
4.688917
3.701783
4.714649
5.727515
7.740381
11.753247
15.766113
17.778979
19.791845
24.804712
27.817578
27.830444
18.843310
9.856176
8.869042
17.881908
33.894774
41.907640
40.920506
38.933373
36.946239
35.959105
35.971971
34.984837
36.997703
41.010569
44.023435
46.036301
45.049167
46.062034
48.074900
51.087766
48.100632
37.113498
24.126364
16.139230
14.152096
15.164962
10.177828
3.190695
-4.796439
-3.783573
4.229293
7.242159
2.255025
-3.732109
-5.719243
-5.706377
-8.693510
-14.680644
-19.667778
-20.654912
-20.642046
-22.629180
-23.616314
-18.603448
-16.590582
-18.577716
-19.564849
-16.551983
-11.539117
-7.526251
-6.513385
-4.500519
-4.487653
-4.474787
-11.461921
-14.449055
-15.436188
-16.423322
-20.410456
-29.397590
-39.384724
-42.371858
-37.358992
-31.346126
-29.333260
-28.320394
-26.307527
-20.294661
-11.281795
-7.268929
-5.256063
-5.243197
-7.230331
-10.217465
-14.204599
-16.191733
-16.178866
-15.166000
-14.153134
-14.140268
-15.127402
-14.114536
-12.101670
-9.088804
-16.075938
-31.063072
-45.050205
-49.037339
-45.024473
-40.011607
-36.998741
-38.985875
-40.973009
-33.960143
-21.947277
-13.934411
-11.921544
-11.908678
-8.895812
-5.882946
-9.870080
-21.857214
-27.844348
-23.831482
-17.818616
-11.805750
-11.792883
-14.780017
-20.767151
-24.754285
-20.741419
-11.728553
-6.715687
-6.702821
-8.689955
-7.677089
-3.664222
0.348644
8.361510
16.374376
15.387242
11.400108
0.412974
-9.574160
-7.561294
-0.548428
3.464439
4.477305
0.490171
-5.496963
-11.484097
-9.471231
-4.458365
0.554501
2.567367
3.580233
3.593100
5.605966
9.618832
12.631698
10.644564
4.657430
-3.329704
-14.316838
-22.303972
-27.291106
-29.278239
-29.265373
-27.252507
-26.239641
-28.226775
-30.213909
-32.201043
-34.188177
-37.175311
-37.162444
-48.149578
-53.136712
-53.123846
-46.110980
-39.098114
-35.085248
-36.072382
-41.059516
-49.046650
-49.033783
-36.020917
-18.008051
-5.995185
-2.982319
-2.969453
1.043413
7.056279
11.069145
7.082011
-1.905122
-3.892256
0.120610
6.133476
11.146342
17.159208
19.172074
19.184940
12.197806
-1.789328
-11.776461
-7.763595
5.249271
14.262137
15.275003
12.287869
10.300735
8.313601
5.326467
2.339333
5.352200
11.365066
18.377932
24.390798
31.403664
39.416530
43.429396
44.442262
43.455128
39.467994
34.480861
25.493727
13.506593
15.519459
23.532325
30.545191
31.558057
30.570923
29.583789
25.596655
21.609522
22.622388
25.635254
20.648120
7.660986
-10.326148
-11.313282
-6.300416
-3.287550
-5.274684
-8.261817
-15.248951
-29.236085
-41.223219
-45.210353
-44.197487
-44.184621
-47.171755
-54.158889
-63.146023
-63.133156
-59.120290
-57.107424
-55.094558
-46.081692
-36.068826
-27.055960
-14.043094
-2.030228
13.982638
28.995505
39.008371
44.021237
42.034103
41.046969
40.059835
36.072701
29.085567
24.098433
24.111299
18.124166
14.137032
8.149898
3.162764
-1.824370
-8.811504
-13.798638
-19.785772
-28.772906
-39.760040
-38.747173
-28.734307
-19.721441
-15.708575
-14.695709
-12.682843
-8.669977
-2.657111
-1.644245
2.368621
4.381488
6.394354
10.407220
15.420086
21.432952
26.445818
29.458684
27.471550
23.484416
22.497283
23.510149
25.523015
27.535881
26.548747
22.561613
19.574479
17.587345
21.600211
27.613077
32.625944
35.638810
36.651676
35.664542
33.677408
30.690274
29.703140
26.716006
23.728872
21.741738
16.754605
14.767471
15.780337
15.793203
12.806069
13.818935
14.831801
16.844667
17.857533
16.870399
20.883266
19.896132
22.908998
24.921864
23.934730
19.947596
15.960462
11.973328
11.986194
13.999060
13.011927
10.024793
6.037659
5.050525
5.063391
4.076257
3.089123
8.101989
11.114855
13.127721
18.140588
23.153454
25.166320
25.179186
16.192052
-0.795082
-8.782216
-7.769350
-2.756484
4.256382
11.269249
21.282115
17.294981
10.307847
6.320713
3.333579
2.346445
5.359311
11.372177
19.385043
25.397910
30.410776
36.423642
41.436508
42.449374
37.462240
26.475106
21.487972
25.500838
30.513704
31.526571
29.539437
28.552303
27.565169
24.578035
18.590901
11.603767
4.616633
2.629499
-3.357635
-8.344768
-9.331902
-6.319036
-3.306170
-1.293304
-2.280438
-9.267572
-20.254706
-28.241840
-25.228974
-21.216107
-20.203241
-23.190375
-20.177509
-11.164643
-4.151777
0.861089
1.873955
3.886821
6.899687
5.912554
0.925420
-3.061714
-0.048848
6.964018
12.976884
15.989750
18.002616
20.015482
22.028349
21.041215
14.054081
-0.933053
-16.920187
-25.907321
-23.894455
-20.881589
-18.868723
-17.855857
-18.842990
-18.830124
-17.817258
-16.804392
-13.791526
-12.778660
-15.765794
-21.752928
-23.740062
-21.727196
-15.714329
-12.701463
-13.688597
-14.675731
-12.662865
-8.649999
-6.637133
-7.624267
-11.611401
-16.598535
-19.585668
-19.572802
-19.559936
-17.547070
-13.534204
-15.521338
-11.508472
-8.495606
-7.482740
-8.469874
-12.457007
-9.444141
-17.431275
-19.418409
-18.405543
-14.392677
-12.379811
-5.366945
-3.354079
4.658787
11.671654
15.684520
17.697386
18.710252
22.723118
22.735984
20.748850
15.761716
12.774582
7.787448
0.800315
-12.186819
-27.173953
-26.161087
-14.148221
-5.135355
-5.122489
-7.109623
-9.096757
-10.083891
-10.071024
-10.058158
-13.045292
-16.032426
-20.019560
-26.006694
-29.993828
-27.980962
-22.968096
-21.955230
-22.942363
-25.929497
-29.916631
-34.903765
-36.890899
-32.878033
-23.865167
-14.852301
-14.839435
-17.826569
-21.813702
-17.800836
-6.787970
0.224896
0.237762
-3.749372
-7.736506
-11.723640
-11.710774
-15.697908
-23.685041
-34.672175
-43.659309
-46.646443
-46.633577
-39.620711
-30.607845
-23.594979
-17.582113
-12.569247
-14.556380
-19.543514
-30.530648
-38.517782
-37.504916
-30.492050
-23.479184
-21.466318
-18.453452
-17.440586
-12.427719
-12.414853
-12.401987
-10.389121
-6.376255
-4.363389
-3.350523
-0.337657
3.675209
7.688076
10.700942
8.713808
-2.273326
-20.260460
-30.247594
-30.234728
-24.221862
-26.208996
-31.196130
-28.183263
-19.170397
-11.157531
-8.144665
-8.131799
-8.118933
-5.106067
-0.093201
-0.080335
-2.067469
-4.054602
-6.041736
-6.028870
-9.016004
-10.003138
-8.990272
-6.977406
-3.964540
-1.951674
0.061192
-0.925941
-6.913075
-13.900209
-16.887343
-14.874477
-10.861611
-9.848745
-15.835879
-21.823013
-29.810147
-38.797280
-48.784414
-55.771548
-52.758682
-44.745816
-37.732950
-33.720084
-28.707218
-24.694352
-15.681486
-1.668619
10.344247
15.357113
14.369979
12.382845
12.395711
9.408577
8.421443
4.434309
-1.552825
-4.539958
-6.527092
-4.514226
0.498640
2.511506
1.524372
-2.462762
-6.449896
-10.437030
-9.424164
-5.411297
-3.398431
-4.385565
-3.372699
0.640167
2.653033
7.665899
12.678765
18.691631
19.704497
18.717364
15.730230
10.743096
2.755962
-7.231172
-13.218306
-14.205440
-12.192574
-8.179708
-4.166842
-2.153975
0.858891
2.871757
1.884623
-7.102511
-19.089645
-32.076779
-38.063913
-42.051047
-46.038181
-51.025314
-53.012448
-54.999582
-57.986716
-59.973850
-59.960984
-61.948118
-66.935252
-73.922386
-76.909520
-74.896653
-70.883787
-68.870921
-64.858055
-60.845189
-55.832323
-52.819457
-53.806591
-55.793725
-56.780858
-54.767992
-50.755126
-46.742260
-42.729394
-40.716528
-42.703662
-42.690796
-43.677930
-44.665064
-46.652197
-47.639331
-48.626465
-51.613599
-51.600733
-50.587867
-49.575001
-48.562135
-46.549269
-36.536403
-20.523536
-10.510670
-5.497804
-3.484938
-0.472072
1.540794
3.553660
5.566526
5.579392
2.592258
-0.394875
-4.382009
-4.369143
-0.356277
5.656589
6.669455
3.682321
-1.304813
-3.291947
-5.279081
-6.266214
-6.253348
1.759518
9.772384
11.785250
8.798116
5.810982
7.823848
13.836714
18.849580
24.862447
26.875313
23.888179
16.901045
8.913911
2.926777
2.939643
6.952509
8.965375
8.978241
8.991108
11.003974
16.016840
18.029706
15.042572
7.055438
2.068304
-1.918830
-5.905964
-19.893098
-26.880231
