3
2
-4.233311
-6.213380
-5.193449
-2.173517
-3.153586
-3.133655
-6.113724
-5.093793
-4.073862
-2.053931
-1.033999
-1.014068
-1.994137
-2.974206
-2.954275
-2.934344
2.085587
4.105519
7.125450
9.145381
8.165312
8.185243
5.205174
-0.774895
-4.754963
-14.735032
-33.715101
-50.695170
-47.675239
-34.655308
-26.635377
-27.615446
-24.595514
-15.575583
-3.555652
1.464279
1.484210
-1.495859
-5.475928
-8.455996
-7.436065
-8.416134
-12.396203
-20.376272
-29.356341
-35.336410
-35.316478
-29.296547
-20.276616
-12.256685
-7.236754
-14.216823
-25.196892
-33.176960
-32.157029
-23.137098
-14.117167
-8.097236
-4.077305
-2.057374
-2.037443
-4.017511
-4.997580
-4.977649
-3.957718
-1.937787
1.082144
-0.897925
-1.877993
-5.858062
-11.838131
-16.818200
-18.798269
-18.778338
-19.758407
-21.738475
-17.718544
-12.698613
-9.678682
-13.658751
-19.638820
-24.618889
-26.598957
-25.579026
-22.559095
-19.539164
-12.519233
-4.499302
0.520629
-1.459439
-4.439508
-7.419577
-7.399646
-4.379715
-1.359784
-0.339853
-1.319922
-7.299990
-11.280059
-10.260128
-2.240197
4.779734
8.799665
7.819596
3.839528
2.859459
5.879390
13.899321
26.919252
44.939183
45.959114
39.979046
20.998977
16.018908
14.038839
12.058770
10.078701
8.098632
13.118564
20.138495
21.158426
17.178357
7.198288
2.218219
4.238150
5.258081
1.278013
-2.702056
-1.682125
-0.662194
-0.642263
-0.622332
1.397599
3.417531
4.437462
7.457393
9.477324
11.497255
2.517186
-3.462883
-6.442951
-6.423020
-8.403089
-11.383158
-12.363227
-12.343296
-11.323365
-6.303433
-5.283502
-8.263571
-10.243640
-7.223709
-9.203778
-16.183847
-19.163916
-20.143984
-16.124053
-13.104122
-11.084191
-8.064260
-4.044329
-0.024398
0.995534
-1.984535
-9.964604
-15.944673
-13.924742
-7.904811
-1.884880
3.135052
10.154983
16.174914
23.194845
41.214776
47.234707
46.254638
41.274570
23.294501
17.314432
16.334363
22.354294
40.374225
46.394156
48.414087
48.434019
43.453950
27.473881
22.493812
20.513743
21.533674
21.553605
21.573537
18.593468
19.613399
19.633330
14.653261
10.673192
5.693123
1.713055
-2.267014
-5.247083
-8.227152
-14.207221
-25.187290
-33.167359
-33.147427
-31.127496
-29.107565
-30.087634
-31.067703
-28.047772
-22.027841
-18.007910
-19.987978
-21.968047
-21.948116
-20.928185
-22.908254
-25.888323
-29.868392
-32.848460
-26.828529
-20.808598
-21.788667
-22.768736
-19.748805
-17.728874
-22.708942
-30.689011
-36.669080
-30.649149
-21.629218
-12.609287
-10.589356
-5.569424
2.450507
8.470438
9.490369
5.510300
8.530231
21.550162
43.570094
45.590025
46.609956
43.629887
24.649818
15.669749
13.689680
13.709611
14.729543
17.749474
19.769405
20.789336
18.809267
13.829198
13.849129
17.869061
22.888992
25.908923
25.928854
17.948785
2.968716
-8.011353
-7.991421
-1.971490
0.048441
2.068372
4.088303
4.108234
-0.871835
-7.851903
-12.831972
-15.812041
-12.792110
-3.772179
1.247752
0.267683
-1.712386
-4.692454
-7.672523
-9.652592
-10.632661
-12.612730
-15.592799
-18.572868
-13.552936
-4.533005
1.486926
3.506857
4.526788
4.546719
-0.433350
-10.413418
-21.393487
-35.373556
-45.353625
-43.333694
-32.313763
-19.293832
-5.273900
4.746031
6.765962
6.785893
5.805824
6.825755
6.845686
5.865617
2.885549
-0.094520
-3.074589
-4.054658
-0.034727
13.985204
23.005135
28.025067
29.044998
29.064929
28.084860
24.104791
19.124722
13.144653
9.164585
6.184516
9.204447
19.224378
29.244309
44.264240
44.284171
32.304103
26.324034
20.343965
15.363896
11.383827
8.403758
5.423689
6.443620
8.463552
12.483483
16.503414
18.523345
15.543276
9.563207
1.583138
-1.396930
0.623001
1.642932
-2.337137
-3.317206
1.702725
5.722656
5.742588
3.762519
2.782450
-0.197619
-3.177688
-3.157757
-3.137826
0.882106
3.902037
5.921968
4.941899
6.961830
9.981761
14.001692
18.021624
19.041555
19.061486
18.081417
19.101348
17.121279
10.141210
6.161141
7.181073
10.201004
9.220935
4.240866
-1.739203
-10.719272
-12.699341
-8.679409
-3.659478
-2.639547
-1.619616
-6.599685
-15.579754
-32.559823
-53.539891
-66.519960
-63.500029
-55.480098
-50.460167
-44.440236
-35.420305
-28.400373
-26.380442
-29.360511
-37.340580
-43.320649
-43.300718
-37.280787
-28.260856
-22.240924
-18.220993
-17.201062
-16.181131
-19.161200
-24.141269
-33.121338
-37.101406
-31.081475
-23.061544
-20.041613
-26.021682
-34.001751
-33.981820
-24.961888
-14.941957
-7.922026
-1.902095
8.117836
16.137767
18.157698
15.177630
8.197561
0.217492
-2.762577
-4.742646
-3.722715
-2.702784
-0.682853
-0.662921
-1.642990
1.376941
6.396872
12.416803
14.436734
14.456665
13.476597
11.496528
9.516459
8.536390
5.556321
2.576252
-0.403817
-8.383885
-21.363954
-28.344023
-24.324092
-9.304161
11.715770
20.735701
23.755633
23.775564
21.795495
21.815426
18.835357
13.855288
11.875219
13.895150
11.915082
7.935013
10.954944
18.974875
23.994806
24.014737
24.034668
25.054600
26.074531
25.094462
24.114393
20.134324
17.154255
15.174186
16.194118
10.214049
0.233980
-6.746089
-5.726158
-1.706227
1.313704
4.333636
7.353567
8.373498
5.393429
-0.586640
-8.566709
-13.546778
-11.526847
-14.506915
-15.486984
-16.467053
-18.447122
-21.427191
-24.407260
-26.387329
-25.367397
-23.347466
-21.327535
-20.307604
-15.287673
-13.267742
-12.247811
-16.227879
-14.207948
-2.188017
8.831914
16.851845
20.871776
21.891707
20.911639
19.931570
13.951501
5.971432
-2.008637
-6.988706
-5.968775
-4.948843
-6.928912
-8.908981
-2.889050
4.130881
6.150812
2.170743
-4.809326
-10.789394
-18.769463
-30.749532
-38.729601
-38.709670
-32.689739
-30.669808
-29.649876
-23.629945
-15.610014
-6.590083
1.429848
6.449779
10.469710
9.489642
11.509573
11.529504
9.549435
7.569366
7.589297
8.609228
8.629160
9.649091
9.669022
7.688953
7.708884
5.728815
-3.251254
-11.231323
-17.211391
-19.191460
-21.171529
-19.151598
-13.131667
-7.111736
-5.091805
-7.071873
-9.051942
-7.032011
-3.012080
-1.992149
-2.972218
-5.952287
-10.932355
-16.912424
-26.892493
-30.872562
-25.852631
-16.832700
-8.812769
-1.792837
-0.772906
-1.752975
-2.733044
-1.713113
0.306818
1.326749
0.346680
-1.633388
-3.613457
-5.593526
-11.573595
-21.553664
-22.533733
-18.513802
-14.493870
-16.473939
-16.454008
-5.434077
8.585854
14.605785
10.625716
0.645648
-6.334421
-6.314490
-1.294559
2.725372
0.745303
-4.234766
-3.214834
1.805097
5.825028
6.844959
2.864890
-1.115179
-11.095248
-11.075317
-0.055385
12.964546
13.984477
8.004408
0.024339
-4.955730
-10.935799
-22.915867
-32.895936
-32.876005
-26.856074
-22.836143
-18.816212
-14.796281
-11.776349
-10.756418
-6.736487
-0.716556
4.303375
7.323306
12.343237
15.363169
15.383100
12.403031
11.422962
12.442893
14.462824
13.482755
10.502687
6.522618
4.542549
6.562480
9.582411
4.602342
-6.377727
-15.357796
-13.337864
-6.317933
-1.298002
-0.278071
-1.258140
-1.238209
0.781722
4.801654
6.821585
6.841516
5.861447
5.881378
8.901309
10.921240
12.941172
18.961103
27.981034
33.000965
32.020896
27.040827
24.060758
20.080690
17.100621
16.120552
18.140483
16.160414
11.180345
6.200276
10.220207
19.240139
26.260070
28.280001
25.299932
16.319863
-2.660206
-9.640275
5.379657
22.399588
31.419519
33.439450
32.459381
31.479312
33.499243
38.519175
52.539106
53.559037
52.578968
37.598899
34.618830
31.638761
28.658693
24.678624
25.698555
30.718486
36.738417
37.758348
37.778279
52.798210
58.818142
60.838073
55.858004
33.877935
30.897866
39.917797
62.937728
66.957660
62.977591
54.997522
33.017453
27.037384
26.057315
24.077246
15.097178
5.117109
-0.862960
-4.843029
-13.823098
-21.803167
-20.783236
-10.763304
-5.743373
-4.723442
-2.703511
4.316420
13.336351
17.356282
22.376213
23.396145
23.416076
18.436007
5.455938
-12.524131
-19.504200
-17.484269
-12.464337
-14.444406
-23.424475
-37.404544
-52.384613
-58.364682
-55.344751
-48.324819
-42.304888
-33.284957
-20.265026
-9.245095
-6.225164
-10.205233
-14.185301
-12.165370
-10.145439
-8.125508
-6.105577
-0.085646
3.934285
5.954216
5.974148
4.994079
5.014010
6.033941
6.053872
5.073803
4.093734
3.113666
4.133597
8.153528
10.173459
8.193390
4.213321
0.233252
-3.746816
-7.726885
-9.706954
-13.687023
-18.667092
-17.647161
-2.627230
10.392702
18.412633
19.432564
22.452495
22.472426
20.492357
12.512288
8.532220
6.552151
6.572082
11.592013
18.611944
22.631875
19.651806
11.671737
1.691669
-11.288400
-16.268469
-10.248538
6.771393
17.791324
20.811255
18.831187
12.851118
3.871049
-3.109020
-10.089089
-14.069158
-15.049227
-15.029295
-16.009364
-18.989433
-16.969502
-7.949571
1.070360
3.090291
2.110223
4.130154
4.150085
0.170016
-3.810053
-2.790122
1.229809
3.249740
7.269672
10.289603
14.309534
17.329465
18.349396
16.369327
12.389258
13.409190
18.429121
25.449052
23.468983
19.488914
14.508845
8.528776
1.548708
0.568639
8.588570
15.608501
11.628432
2.648363
-3.331706
-0.311774
3.708157
1.728088
-1.251981
6.767950
13.787881
17.807812
19.827743
22.847675
26.867606
26.887537
25.907468
25.927399
26.947330
23.967261
17.987193
12.007124
11.027055
7.046986
-10.933083
-32.913152
-43.893221
-40.873289
-37.853358
-36.833427
-35.813496
-32.793565
-28.773634
-28.753703
-28.733771
-30.713840
-32.693909
-32.673978
-31.654047
-32.634116
-33.614185
-31.594254
-30.574322
-30.554391
-31.534460
-29.514529
-22.494598
-15.474667
-10.454736
-8.434804
-11.414873
-14.394942
-13.375011
-13.355080
-24.335149
-36.315218
-42.295286
-41.275355
-44.255424
-47.235493
-42.215562
-31.195631
-24.175700
-23.155768
-22.135837
-24.115906
-23.095975
-21.076044
-21.056113
-21.036182
-27.016250
-37.996319
-41.976388
-36.956457
-25.936526
-17.916595
-12.896664
-12.876733
-8.856801
6.163130
15.183061
18.202992
15.222923
12.242854
12.262785
13.282717
13.302648
14.322579
15.342510
13.362441
6.382372
0.402303
0.422235
-0.557834
-5.537903
-14.517972
-20.498041
-21.478110
-17.458179
-14.438247
-11.418316
-10.398385
-12.378454
-11.358523
-10.338592
-15.318661
-24.298730
-29.278798
-28.258867
-28.238936
-35.219005
-42.199074
-43.179143
-43.159212
-42.139280
-48.119349
-49.099418
-46.079487
-42.059556
-36.039625
-30.019694
-22.999762
-17.979831
-17.959900
-20.939969
-25.920038
-23.900107
-17.880176
-7.860244
-4.840313
-7.820382
-18.800451
-28.780520
-30.760589
-26.740658
-23.720727
-19.700795
-8.680864
9.339067
21.358998
24.378929
21.398860
21.418791
28.438723
34.458654
34.478585
27.498516
18.518447
9.538378
1.558309
0.578241
3.598172
8.618103
12.638034
12.657965
13.677896
17.697827
18.717759
20.737690
21.757621
22.777552
24.797483
26.817414
27.837345
28.857276
27.877208
26.897139
25.917070
28.937001
32.956932
34.976863
33.996794
31.016726
29.036657
30.056588
32.076519
36.096450
37.116381
35.136312
28.156244
22.176175
18.196106
10.216037
2.235968
1.255899
4.275830
9.295762
12.315693
19.335624
24.355555
25.375486
22.395417
19.415348
19.435279
21.455211
22.475142
20.495073
16.515004
11.534935
6.554866
2.574797
2.594729
8.614660
16.634591
18.654522
18.674453
18.694384
19.714315
18.734247
16.754178
14.774109
16.794040
20.813971
24.833902
28.853833
29.873765
30.893696
31.913627
31.933558
30.953489
31.973420
33.993351
36.013283
34.033214
29.053145
23.073076
26.093007
31.112938
30.132869
23.152800
20.172732
25.192663
30.212594
32.232525
31.252456
28.272387
25.292318
23.312250
23.332181
16.352112
-2.627957
-17.608026
-19.588095
-11.568164
-5.548232
-4.528301
-10.508370
-16.488439
-19.468508
-19.448577
-14.428646
-5.408714
1.611217
-0.368852
-8.348921
-16.328990
-25.309059
-33.289128
-38.269197
-37.249265
-31.229334
-27.209403
-26.189472
-31.169541
-34.149610
-31.129679
-24.109747
-18.089816
-13.069885
-12.049954
-13.030023
-13.010092
-14.990161
-15.970229
-19.950298
-28.930367
-39.910436
-40.890505
-30.870574
-24.850643
-28.830711
-32.810780
-26.790849
-15.770918
-7.750987
-5.731056
-6.711125
-7.691194
-6.671262
-1.651331
0.368600
0.388531
1.408462
8.428393
19.448324
27.468256
29.488187
28.508118
25.528049
23.547980
16.567911
8.587842
-0.392226
-6.372295
-10.352364
-9.332433
-7.312502
-5.292571
-4.272640
-4.252708
-2.232777
-2.212846
-1.192915
-0.172984
-1.153053
-2.133122
1.886809
7.906741
11.926672
10.946603
7.966534
7.986465
13.006396
21.026327
24.046259
18.066190
2.086121
-11.893948
-5.874017
5.145914
11.165845
10.185777
12.205708
19.225639
25.245570
32.265501
37.285432
41.305363
44.325295
46.345226
47.365157
49.385088
60.405019
43.424950
26.444881
9.464813
7.484744
14.504675
22.524606
25.544537
25.564468
24.584399
26.604330
29.624262
27.644193
21.664124
18.684055
21.703986
24.723917
25.743848
24.763780
22.783711
22.803642
22.823573
22.843504
16.863435
13.883366
19.903298
28.923229
31.943160
27.963091
18.983022
7.002953
-0.977116
2.042816
5.062747
2.082678
-7.897391
-14.877460
-17.857529
-17.837598
-19.817667
-19.797735
-15.777804
-10.757873
-3.737942
0.281989
3.301920
5.321851
8.341783
9.361714
7.381645
0.401576
-7.578493
-9.558562
-9.538631
-11.518699
-15.498768
-22.478837
-26.458906
-28.438975
-30.419044
-40.399113
-45.379181
-39.359250
-23.339319
-9.319388
-2.299457
3.720474
7.740405
11.760336
10.780268
10.800199
13.820130
20.840061
26.859992
27.879923
26.899854
26.919786
28.939717
32.959648
34.979579
30.999510
24.019441
24.039372
30.059304
32.079235
29.099166
23.119097
19.139028
23.158959
26.178890
22.198822
8.218753
-10.761316
-19.741385
-13.721454
-1.701523
4.318408
4.338339
-8.641729
-27.621798
-37.601867
-34.581936
-23.562005
-10.542074
1.477857
10.497789
14.517720
16.537651
15.557582
11.577513
7.597444
8.617375
15.637307
25.657238
31.677169
33.697100
30.717031
25.736962
23.756893
24.776825
22.796756
13.816687
8.836618
2.856549
-3.123520
-11.103589
-12.083658
-10.063726
-10.043795
-18.023864
-31.003933
-36.984002
-29.964071
-17.944140
-11.924208
-6.904277
0.115654
4.135585
6.155516
5.175447
3.195378
0.215310
-0.764759
1.255172
6.275103
12.295034
15.314965
16.334896
15.354828
14.374759
12.394690
9.414621
4.434552
-4.545517
-14.525586
-16.505654
-9.485723
-4.465792
-3.445861
-1.425930
-5.405999
-11.386068
-18.366137
-18.346205
-17.326274
-18.306343
-19.286412
-15.266481
-7.246550
-4.226619
-6.206687
-9.186756
-8.166825
-6.146894
-3.126963
-4.107032
-11.087101
-19.067169
-20.047238
-17.027307
-14.007376
-11.987445
-8.967514
-2.947583
2.072349
-0.907720
-9.887789
-20.867858
-22.847927
-11.827996
1.191935
7.211866
9.231798
10.251729
6.271660
-1.708409
-7.688478
-2.668547
4.351384
6.371316
6.391247
7.411178
10.431109
9.451040
7.470971
4.490902
2.510834
1.530765
0.550696
-0.429373
-0.409442
-1.389511
-2.369580
1.650352
9.670283
15.690214
17.710145
17.730076
17.750007
17.769938
18.789869
22.809801
31.829732
40.849663
51.869594
79.889525
93.909456
101.929387
102.949319
99.969250
84.989181
47.009112
23.029043
11.048974
12.068905
15.088837
15.108768
13.128699
13.148630
12.168561
8.188492
-3.791577
-15.771645
-24.751714
-26.731783
-33.711852
-35.691921
-35.671990
-36.652059
-34.632128
-29.612196
-22.592265
-12.572334
-5.552403
-1.532472
-1.512541
-2.492610
3.527322
17.547253
30.567184
34.587115
27.607046
17.626977
-2.353092
-4.333160
3.686771
8.706702
8.726633
8.746564
7.766495
6.786426
8.806358
13.826289
14.846220
9.866151
-0.113918
-9.093987
-8.074056
-4.054124
-3.034193
-2.014262
-1.994331
-7.974400
-15.954469
-19.934538
-14.914607
-8.894675
-6.874744
-1.854813
3.165118
7.185049
8.204980
6.224911
2.244843
-5.735226
-20.715295
-28.695364
-27.675433
-21.655502
-17.635571
-13.615639
-11.595708
-9.575777
-9.555846
-9.535915
-11.515984
-17.496053
-29.476121
-38.456190
-37.436259
-30.416328
-27.396397
-31.376466
-31.356535
-24.336604
-17.316672
-13.296741
-17.276810
-18.256879
-17.236948
-17.217017
-19.197086
-24.177154
-29.157223
-30.137292
-27.117361
-23.097430
-24.077499
-27.057568
-31.037636
-33.017705
-34.997774
-33.977843
-22.957912
-7.937981
3.081950
5.101882
3.121813
0.141744
-1.838325
0.181606
2.201537
5.221468
5.241399
4.261331
0.281262
-4.698807
-10.678876
-15.658945
-17.639014
-12.619083
-2.599151
6.420780
10.440711
9.460642
7.480573
6.500504
4.520435
2.540367
0.560298
1.580229
4.600160
10.620091
13.640022
11.659953
5.679885
-6.300184
-11.280253
-15.260322
-20.240391
-23.220460
-24.200529
-31.180598
-42.160666
-49.140735
-42.120804
-26.100873
-10.080942
-4.061011
-5.041080
-9.021148
-15.001217
-24.981286
-32.961355
-29.941424
-16.921493
-5.901562
-1.881630
0.138301
5.158232
13.178163
16.198094
17.218025
12.237956
0.257888
-12.722181
-10.702250
-1.682319
3.337612
4.357543
4.377474
4.397405
2.417337
2.437268
9.457199
17.477130
18.497061
8.516992
-1.463077
-6.443145
0.576786
5.596717
9.616648
12.636579
16.656510
22.676441
23.696373
22.716304
20.736235
22.756166
18.776097
16.796028
16.815959
16.835891
12.855822
4.875753
-0.104316
-1.084385
3.935546
11.955477
20.975409
24.995340
25.015271
23.035202
21.055133
23.075064
27.094995
29.114926
32.134858
45.154789
76.174720
84.194651
87.214582
81.234513
55.254444
33.274376
13.294307
9.314238
16.334169
23.354100
26.374031
28.393962
32.413894
34.433825
34.453756
31.473687
24.493618
20.513549
22.533480
29.553412
31.573343
25.593274
17.613205
15.633136
15.653067
14.672998
10.692929
7.712861
5.732792
1.752723
-4.227346
-10.207415
-15.187484
-17.167553
-16.147621
-15.127690
-13.107759
-12.087828
-12.067897
-12.047966
-13.028035
-17.008103
-24.988172
-30.968241
-31.948310
-31.928379
-26.908448
-9.888517
-4.868585
-1.848654
0.171277
1.191208
4.211139
6.231070
12.251001
22.270932
27.290864
29.310795
31.330726
30.350657
27.370588
15.390519
2.410450
-3.569618
0.450313
4.470244
3.490175
2.510106
5.530037
5.549968
6.569900
9.589831
16.609762
24.629693
29.649624
31.669555
26.689486
15.709418
4.729349
-2.250720
-6.230789
-12.210858
-17.190927
-18.170996
-21.151065
-28.131133
-34.111202
-34.091271
-30.071340
-29.051409
-33.031478
-42.011547
-51.991615
-49.971684
-38.951753
-32.931822
-35.911891
-39.891960
-39.872029
-38.852097
-36.832166
-40.812235
-38.792304
-36.772373
-31.752442
-27.732511
-25.712579
-24.692648
-22.672717
-20.652786
-16.632855
-11.612924
-8.592993
-7.573061
-10.553130
-13.533199
-19.513268
-26.493337
-29.473406
-22.453475
-14.433544
-13.413612
-16.393681
-14.373750
-8.353819
-1.333888
5.686043
14.705974
20.725906
20.745837
15.765768
9.785699
1.805630
-4.174439
-5.154508
-2.134576
-3.114645
-9.094714
-13.074783
-4.054852
8.965079
17.985010
17.004942
12.024873
5.044804
5.064735
11.084666
21.104597
26.124528
27.144459
27.164391
23.184322
21.204253
18.224184
22.244115
26.264046
27.283977
20.303909
5.323840
-19.656229
-35.636298
-31.616367
-14.596436
3.423495
13.443427
12.463358
8.483289
6.503220
4.523151
0.543082
-2.436987
2.582945
2.602876
1.622807
-2.357262
-6.337331
-8.317400
-3.297469
3.722462
10.742394
12.762325
14.782256
14.802187
14.822118
12.842049
11.861980
9.881912
8.901843
6.921774
0.941705
-2.038364
0.981567
4.001498
5.021430
0.041361
1.061292
-0.918777
9.101154
19.121085
23.141016
25.160948
26.180879
29.200810
31.220741
31.240672
29.260603
18.280534
8.300465
7.320397
13.340328
18.360259
18.380190
19.400121
21.420052
25.439983
25.459915
19.479846
12.499777
7.519708
6.539639
3.559570
0.579501
-1.400567
2.619364
7.639295
12.659226
12.679157
12.699088
9.719019
7.738951
5.758882
5.778813
5.798744
7.818675
9.838606
11.858537
11.878468
9.898400
3.918331
-0.061738
-0.041807
-1.021876
-3.001945
-2.982014
-2.962082
-5.942151
-9.922220
-10.902289
-8.882358
-5.862427
-4.842496
-5.822564
-4.802633
-3.782702
-1.762771
0.257160
2.277091
4.297022
4.316954
0.336885
-7.643184
-16.623253
-19.603322
-22.583391
-25.563460
-23.543528
-13.523597
-10.503666
-5.483735
3.536196
18.556127
24.576058
24.595989
20.615921
15.635852
15.655783
15.675714
22.695645
26.715576
25.735507
21.755439
14.775370
6.795301
0.815232
-7.164837
-9.144906
-8.124975
-2.105043
2.914888
3.934819
1.954750
2.974681
2.994612
7.014543
8.034475
9.054406
11.074337
12.094268
12.114199
8.134130
3.154061
0.173992
3.193924
10.213855
15.233786
18.253717
18.273648
13.293579
8.313510
5.333442
3.353373
0.373304
-2.606765
-1.586834
6.433097
15.453028
19.472960
17.492891
10.512822
-4.467247
-25.447316
-31.427385
-28.407454
-18.387522
-13.367591
-10.347660
-7.327729
-3.307798
-1.287867
-1.267936
-2.248005
-4.228073
-8.208142
-11.188211
-12.168280
-16.148349
-24.128418
-28.108487
-23.088555
-14.068624
-8.048693
-7.028762
-8.008831
-8.988900
-11.968969
-17.949037
-18.929106
-25.909175
-33.889244
-39.869313
-39.849382
-35.829451
-29.809519
-22.789588
-17.769657
-14.749726
-15.729795
-20.709864
-28.689933
-33.670002
-35.650070
-35.630139
-33.610208
-27.590277
-21.570346
-18.550415
-18.530484
-19.510552
-19.490621
-20.470690
-24.450759
-27.430828
-29.410897
-27.390966
-25.371034
-25.351103
-26.331172
-27.311241
-30.291310
-32.271379
-34.251448
-35.231516
-39.211585
-46.191654
-47.171723
-36.151792
-17.131861
-1.111930
7.908002
11.927933
13.947864
13.967795
9.987726
-0.992343
-3.972412
-0.952481
2.067451
-1.912618
-2.892687
0.127244
5.147175
-0.832894
-5.812963
-7.793031
-3.773100
3.246831
9.266762
9.286693
6.306624
4.326555
5.346487
6.366418
10.386349
17.406280
22.426211
22.446142
14.466073
7.486005
8.505936
13.525867
15.545798
12.565729
-0.414340
-21.394409
-34.374478
-37.354546
-34.334615
-28.314684
-20.294753
-15.274822
-10.254891
-5.234960
-0.215028
3.804903
6.824834
8.844765
10.864696
11.884627
10.904558
4.924490
-1.055579
6.964352
20.984283
25.004214
16.024145
6.044076
1.064008
1.083939
2.103870
0.123801
-1.856268
-11.836337
-18.816406
-22.796475
-24.776543
-23.756612
-22.736681
-21.716750
-21.696819
-23.676888
-24.656957
-26.637025
-28.617094
-31.597163
-36.577232
-36.557301
-33.537370
-31.517439
-33.497507
-39.477576
-41.457645
-33.437714
-25.417783
-19.397852
-18.377921
-15.357989
-15.338058
-11.318127
-1.298196
6.721735
11.741666
11.761597
11.781528
10.801460
7.821391
2.841322
4.861253
9.881184
13.901115
13.921046
6.940978
-6.039091
-4.019160
5.000771
9.020702
5.040633
-1.939436
-7.919504
-7.899573
-5.879642
-2.859711
1.160220
3.180151
2.200082
-2.779986
-6.760055
-6.740124
-0.720193
5.299738
9.319669
9.339600
7.359532
8.379463
13.399394
14.419325
3.439256
-6.540813
-10.520882
-12.500951
-11.481019
-7.461088
-3.441157
-0.421226
-0.401295
1.618636
7.638567
13.658499
15.678430
13.698361
7.718292
3.738223
7.758154
12.778085
15.798017
19.817948
25.837879
28.857810
29.877741
24.897672
21.917603
21.937535
23.957466
17.977397
19.997328
24.017259
25.037190
25.057121
25.077052
30.096984
33.116915
35.136846
33.156777
30.176708
25.196639
23.216570
23.236502
22.256433
15.276364
11.296295
14.316226
19.336157
18.356088
14.376020
9.395951
5.415882
2.435813
8.455744
4.475675
8.495606
11.515538
13.535469
14.555400
9.575331
4.595262
5.615193
14.635124
20.655055
22.674987
20.694918
14.714849
6.734780
5.754711
8.774642
8.794573
-1.185495
-9.165564
-6.145633
4.874298
11.894229
12.914160
8.934091
8.954023
16.973954
33.993885
43.013816
41.033747
31.053678
17.073609
14.093541
21.113472
29.133403
33.153334
31.173265
25.193196
17.213127
9.233058
6.252990
8.272921
12.292852
16.312783
19.332714
21.352645
20.372576
16.392508
7.412439
-0.567630
-2.547699
-3.527768
-1.507837
1.512094
7.532026
12.551957
13.571888
12.591819
8.611750
6.631681
11.651612
21.671544
28.691475
29.711406
21.731337
9.751268
-1.228801
-7.208870
-10.188939
-7.169007
-5.149076
-3.129145
-5.109214
-14.089283
-26.069352
-30.049421
-23.029489
-13.009558
-9.989627
-8.969696
-5.949765
-2.929834
-1.909903
-6.889971
-13.870040
-11.850109
-4.830178
1.189753
0.209684
-5.770385
-9.750453
-13.730522
-16.710591
-17.690660
-15.670729
-14.650798
-18.630867
-23.610935
-23.591004
-21.571073
-21.551142
-24.531211
-30.511280
-30.491349
-29.471418
-30.451486
-37.431555
-41.411624
-41.391693
-41.371762
-44.351831
-49.331900
-51.311968
-50.292037
-49.272106
-49.252175
-52.232244
-55.212313
-59.192382
-58.172450
-53.152519
-48.132588
-46.112657
-43.092726
-34.072795
-21.052864
-11.032932
-10.013001
-14.993070
-22.973139
-27.953208
-33.933277
-39.913346
-47.893415
-53.873483
-56.853552
-57.833621
-57.813690
-55.793759
-50.773828
-45.753897
-38.733965
-27.714034
-18.694103
-14.674172
-14.654241
-14.634310
-14.614379
-17.594447
-23.574516
-24.554585
-17.534654
-10.514723
-7.494792
-8.474861
-6.454929
-5.434998
-6.415067
-9.395136
-6.375205
2.644726
7.664657
6.684588
-1.295480
-10.275549
-16.255618
-15.235687
-8.215756
-1.195825
4.824106
6.844038
1.863969
-4.116100
-5.096169
3.923762
12.943693
15.963624
11.983556
8.003487
4.023418
3.043349
1.063280
3.083211
7.103142
13.123074
16.143005
17.162936
14.182867
7.202798
4.222729
7.242660
12.262591
12.282523
6.302454
-3.677615
-11.657684
-3.637753
-0.617822
7.402109
13.422041
16.441972
15.461903
-0.518166
-15.498235
-21.478304
-17.458373
-17.438441
-22.418510
-34.398579
-47.378648
-53.358717
-47.338786
-35.318855
-26.298923
-25.278992
-26.259061
-35.239130
-45.219199
-45.199268
-35.179337
-29.159405
-27.139474
-27.119543
-24.099612
-23.079681
-27.059750
-30.039819
-33.019888
-37.999956
-38.980025
-32.960094
-21.940163
-12.920232
-8.900301
-8.880370
-11.860438
-17.840507
-16.820576
-7.800645
1.219286
5.239217
2.259148
-4.720920
-12.700989
-12.681058
-4.661127
9.358804
17.378735
17.398666
11.418598
10.438529
18.458460
21.478391
27.498322
33.518253
39.538184
41.558115
41.578047
38.597978
36.617909
35.637840
36.657771
37.677702
36.697633
33.717565
31.737496
28.757427
25.777358
22.797289
21.817220
27.837151
34.857083
38.877014
39.896945
37.916876
32.936807
19.956738
8.976669
7.996601
13.016532
15.036463
8.056394
3.076325
2.096256
4.116187
6.136118
5.156050
1.175981
-3.804088
-7.784157
-7.764226
-5.744295
-3.724364
-3.704432
-0.684501
0.335430
2.355361
1.375292
-3.604777
-7.584846
-10.564914
-14.544983
-21.525052
-26.505121
-28.485190
-24.465259
-22.445328
-19.425396
-18.405465
-19.385534
-21.365603
-27.345672
-33.325741
-36.305810
-35.285879
-33.265947
-36.246016
-45.226085
-56.206154
-61.186223
-55.166292
-46.146361
-40.126429
-38.106498
-38.086567
-33.066636
-31.046705
-28.026774
-25.006843
-23.986911
-18.966980
-14.947049
-10.927118
-7.907187
-5.887256
-3.867325
1.152607
4.172538
5.192469
5.212400
5.232331
7.252262
9.272193
14.292124
19.312056
21.331987
21.351918
19.371849
18.391780
18.411711
21.431642
26.451574
29.471505
33.491436
38.511367
43.531298
44.551229
46.571160
44.591092
32.611023
22.630954
15.650885
14.670816
10.690747
5.710678
1.730610
0.750541
5.770472
15.790403
21.810334
24.830265
24.850196
22.870128
18.890059
17.909990
17.929921
17.949852
9.969783
1.989714
-4.990355
-4.970423
-2.950492
-3.930561
-8.910630
-13.890699
-13.870768
-7.850837
-4.830905
-2.810974
-1.791043
0.228888
-1.751181
-7.731250
-13.711319
-15.691387
-12.671456
-6.651525
-1.631594
-1.611663
-1.591732
1.428199
7.448131
7.468062
8.487993
5.507924
3.527855
3.547786
5.567717
6.587648
8.607580
9.627511
10.647442
12.667373
12.687304
12.707235
11.727166
9.747098
2.767029
-11.213040
-23.193109
-27.173178
-22.153247
-12.133316
1.886616
13.906547
19.926478
24.946409
19.966340
7.986271
-4.993798
-10.973866
-9.953935
-2.934004
7.085927
13.105858
15.125789
15.145720
14.165651
18.185583
23.205514
27.225445
25.245376
16.265307
3.285238
-3.694831
1.325101
10.345032
13.364963
5.384894
-3.595175
-6.575244
-0.555313
11.464619
24.484550
35.504481
44.524412
49.544343
50.564274
48.584205
42.604137
33.624068
30.643999
33.663930
37.683861
36.703792
32.723723
27.743654
22.763586
19.783517
21.803448
27.823379
34.843310
35.863241
35.883172
39.903104
45.923035
48.942966
46.962897
41.982828
36.002759
32.022690
29.042622
27.062553
29.082484
35.102415
38.122346
38.142277
35.162208
30.182140
26.202071
26.222002
24.241933
22.261864
18.281795
13.301726
8.321658
7.341589
7.361520
1.381451
-15.598618
-29.578687
-21.558756
-6.538825
2.481107
0.501038
-3.479031
-4.459100
-4.439169
-6.419238
-7.399307
-5.379375
-0.359444
4.660487
5.680418
0.700349
-6.279720
-8.259789
-8.239857
-8.219926
-12.199995
-19.180064
-23.160133
-25.140202
-28.120271
-31.100339
-35.080408
-35.060477
-40.040546
-45.020615
-47.000684
-47.980753
-49.960822
-52.940890
-47.920959
-35.901028
-24.881097
-21.861166
-18.841235
-12.821304
-10.801372
-12.781441
-19.761510
-27.741579
-38.721648
-47.701717
-48.681786
-44.661854
-44.641923
-31.621992
-14.602061
-3.582130
1.437801
-4.542268
-12.522336
-17.502405
-9.482474
3.537457
10.557388
11.577319
12.597250
15.617181
16.637113
12.657044
0.676975
-10.303094
-16.283163
-15.263232
-13.243301
-15.223369
-16.203438
-14.183507
-5.163576
4.856355
10.876286
14.896217
15.916149
21.936080
26.956011
28.975942
24.995873
13.015804
-1.964265
-11.944333
-13.924402
-10.904471
-7.884540
-6.864609
-7.844678
-5.824747
0.195184
9.215116
13.235047
14.254978
17.274909
21.294840
23.314771
21.334702
18.354634
13.374565
4.394496
-4.585573
-5.565642
-12.545711
-23.525780
-36.505848
-43.485917
-46.465986
-43.446055
-32.426124
-18.406193
-9.386262
-3.366330
3.653601
8.673532
10.693463
9.713394
8.733325
5.753256
-0.226813
-3.206881
0.813050
7.832981
11.852912
11.872843
10.892774
8.912705
9.932637
7.952568
7.972499
11.992430
17.012361
19.032292
22.052223
24.072155
22.092086
14.112017
7.131948
7.151879
18.171810
28.191741
31.211673
30.231604
30.251535
35.271466
42.291397
50.311328
56.331259
57.351191
48.371122
30.391053
19.410984
30.430915
47.450846
54.470777
54.490708
52.510640
49.530571
43.550502
35.570433
26.590364
19.610295
21.630226
33.650158
41.670089
41.690020
37.709951
30.729882
22.749813
19.769744
22.789676
21.809607
11.829538
-1.150531
-8.130600
-3.110669
1.909262
0.929194
-5.050875
-10.030944
-10.011013
-6.991082
-3.971151
-1.951220
0.068711
2.088643
0.108574
-2.871495
-6.851564
-8.831633
-7.811702
-8.791771
-9.771839
-9.751908
-6.731977
-0.712046
3.307885
6.327816
2.347747
2.367679
3.387610
-2.592459
-7.572528
-13.552597
-13.532666
-11.512735
-5.492803
0.527128
7.547059
12.566990
22.586921
32.606852
36.626783
30.646714
22.666646
16.686577
19.706508
23.726439
26.746370
24.766301
20.786232
18.806164
22.826095
15.846026
3.865957
-7.114112
-3.094181
9.925750
14.945682
11.965613
2.985544
-4.994525
-10.974594
-12.954663
-11.934732
-11.914800
-18.894869
-22.874938
-22.855007
-15.835076
-7.815145
0.204786
5.224717
6.244649
6.264580
7.284511
13.304442
19.324373
19.344304
14.364235
12.384167
11.404098
5.424029
-4.556040
-8.536109
-12.516178
-16.496247
-20.476315
-23.456384
-23.436453
-20.416522
-18.396591
-17.376660
-18.356729
-19.336797
-20.316866
-22.296935
-23.277004
-22.257073
-20.237142
-14.217211
-3.197279
7.822652
6.842583
4.862514
2.882445
-1.097624
2.922307
-0.057762
1.962170
3.982101
6.002032
6.021963
4.041894
1.061825
-1.918244
-8.898312
-17.878381
-22.858450
-19.838519
-14.818588
-10.798657
-9.778726
-7.758794
-6.738863
-8.718932
-14.699001
-19.679070
-15.659139
-7.639208
1.380724
3.400655
0.420586
-4.559483
-7.539552
-11.519621
-22.499690
-35.479759
-39.459827
-32.439896
-22.419965
-15.400034
-12.380103
-8.360172
-4.340241
-0.320309
-0.300378
-2.280447
-5.260516
-9.240585
-10.220654
-8.200723
-5.180791
-0.160860
0.859071
-1.120998
-5.101067
-5.081136
-3.061205
-0.041273
-0.021342
-3.001411
-4.981480
-2.961549
-0.941618
-2.921687
-3.901756
1.118176
6.138107
4.158038
-4.822031
-13.802100
-14.782169
-6.762238
0.257694
2.277625
0.297556
-1.682513
2.337418
10.357349
18.377280
20.397212
20.417143
20.437074
21.457005
19.476936
18.496867
17.516798
18.536730
15.556661
12.576592
7.596523
5.616454
-0.363615
-10.343684
-19.323753
-11.303821
5.716110
25.736041
27.755972
25.775903
18.795834
9.815765
-2.164303
-15.144372
-22.124441
-30.104510
-37.084579
-47.064648
-51.044717
-50.024785
-48.004854
-45.984923
-43.964992
-40.945061
-36.925130
-31.905199
-29.885267
-29.865336
-28.845405
-22.825474
-14.805543
-10.785612
-11.765681
-15.745750
-20.725818
-21.705887
-19.685956
-11.666025
-9.646094
-11.626163
-13.606232
-11.586300
-6.566369
0.453562
4.473493
4.493424
4.513355
6.533286
10.553218
13.573149
14.593080
15.613011
14.632942
8.652873
-1.327196
-11.307264
-16.287333
-17.267402
-19.247471
-29.227540
-41.207609
-51.187678
-49.167746
-42.147815
-35.127884
-35.107953
-38.088022
-37.068091
-31.048160
-23.028229
-17.008297
-8.988366
5.031565
16.051496
19.071427
15.091358
7.111289
-3.868779
-6.848848
-3.828917
-0.808986
-0.789055
-4.769124
-12.749193
-18.729261
-22.709330
-20.689399
-15.669468
-10.649537
-6.629606
-4.609675
-4.589743
0.430188
10.450119
20.470050
25.489981
24.509912
21.529843
21.549774
21.569706
21.589637
27.609568
35.629499
40.649430
41.669361
40.689292
35.709224
31.729155
27.749086
23.769017
19.788948
17.808879
16.828810
14.848742
14.868673
16.888604
18.908535
16.928466
15.948397
13.968328
10.988260
8.008191
8.028122
13.048053
18.067984
22.087915
22.107846
22.127777
21.147709
19.167640
16.187571
12.207502
12.227433
8.247364
9.267295
10.287227
6.307158
0.327089
-5.652980
-9.633049
-11.613118
-13.593187
-15.573255
-19.553324
-24.533393
-26.513462
-26.493531
-26.473600
-26.453669
-26.433737
-27.413806
-29.393875
-35.373944
-41.354013
-37.334082
-25.314151
-13.294220
-8.274288
-8.254357
-10.234426
-12.214495
-13.194564
-11.174633
-17.154702
-17.134770
-14.114839
-15.094908
-21.074977
-30.055046
-39.035115
-43.015184
-35.995252
-24.975321
-16.955390
-13.935459
-12.915528
-11.895597
-11.875666
-15.855734
-31.835803
-48.815872
-58.795941
-57.776010
-56.756079
-58.736148
-59.716216
-56.696285
-55.676354
-57.656423
-54.636492
-48.616561
-42.596630
-35.576699
-28.556767
-22.536836
-19.516905
-11.496974
-0.477043
7.542888
10.562819
9.582751
3.602682
-2.377387
-3.357456
-1.337525
-0.317594
-0.297663
-1.277731
-1.257800
-3.237869
-9.217938
-13.198007
-11.178076
-10.158145
-9.138213
-4.118282
5.901649
10.921580
10.941511
6.961442
-0.018627
-7.998696
-12.978764
-17.958833
-17.938902
-13.918971
-6.899040
-4.879109
-4.859178
-4.839246
-3.819315
-3.799384
-6.779453
-9.759522
-12.739591
-13.719660
-16.699728
-17.679797
-14.659866
-8.639935
-3.620004
2.399927
6.419858
9.439790
10.459721
14.479652
19.499583
22.519514
21.539445
20.559376
22.579307
23.599239
24.619170
24.639101
18.659032
10.678963
-0.301106
-1.281175
-6.261243
-7.241312
-10.221381
-13.201450
-13.181519
-15.161588
-14.141657
-12.121725
-11.101794
-15.081863
-18.061932
-15.042001
-12.022070
-11.002139
-8.982207
-6.962276
-2.942345
-0.922414
1.097517
0.117448
-0.862621
1.157310
7.177242
16.197173
19.217104
17.237035
11.256966
5.276897
-1.703172
-6.683240
-10.663309
-13.643378
-5.623447
6.396484
10.416415
7.436346
2.456278
1.476209
1.496140
1.516071
-5.463998
-17.444067
-31.424136
-38.404204
-35.384273
-29.364342
-24.344411
-21.324480
-19.304549
-16.284618
-21.264687
-29.244755
-39.224824
-48.204893
-45.184962
-35.165031
-23.145100
-17.125169
-14.105237
-14.085306
-12.065375
-9.045444
-5.025513
-0.005582
3.014349
4.034281
0.054212
-9.925857
-18.905926
-22.885995
-21.866064
-17.846133
-12.826201
-10.806270
-10.786339
-6.766408
-3.746477
2.273454
10.293385
19.313317
19.333248
12.353179
-0.626890
-14.606959
-20.587028
-21.567097
-18.547166
-9.527234
1.492697
4.512628
2.532559
-1.447510
-5.427579
-9.407648
-9.387716
-7.367785
-9.347854
-15.327923
-23.307992
-28.288061
-27.268130
-26.248198
-27.228267
-30.208336
-27.188405
-24.168474
-23.148543
-22.128612
-19.108680
-21.088749
-33.068818
-46.048887
-57.028956
-58.009025
-48.989094
-33.969163
-21.949231
-12.929300
-3.909369
1.110562
6.130493
14.150424
21.170355
23.190287
22.210218
23.230149
22.250080
19.270011
13.289942
12.309873
10.329805
12.349736
8.369667
1.389598
3.409529
13.429460
23.449391
28.469323
33.489254
39.509185
44.529116
46.549047
43.568978
29.588909
15.608840
7.628772
9.648703
12.668634
10.688565
3.708496
-2.271573
-1.251642
5.768290
8.788221
9.808152
7.828083
7.848014
5.867945
4.887876
6.907808
9.927739
9.947670
9.967601
10.987532
10.007463
9.027394
6.047326
3.067257
-1.912812
0.107119
8.127050
15.146981
19.166912
19.186843
18.206775
10.226706
7.246637
6.266568
3.286499
-2.693570
-5.673639
-2.653707
-1.633776
-4.613845
-8.593914
-6.573983
-1.554052
2.465879
6.485811
10.505742
11.525673
8.545604
0.565535
-7.414534
-9.394603
-11.374671
-18.354740
-27.334809
-27.314878
-23.294947
-17.275016
-10.255085
-3.235153
2.784778
4.804709
2.824640
2.844571
3.864502
-1.115567
-12.095636
-17.075704
-9.055773
-0.035842
5.984089
8.004020
10.023951
10.043882
8.063814
1.083745
-1.896324
-2.876393
-3.856462
-5.836531
-4.816600
-0.796668
1.223263
0.243194
-2.736875
-3.716944
-4.697013
-8.677082
-9.657150
-6.637219
-2.617288
-1.597357
-3.577426
-7.557495
-12.537564
-12.517633
-11.497701
-13.477770
-16.457839
-12.437908
-2.417977
7.601954
13.621885
13.641817
13.661748
12.681679
10.701610
7.721541
4.741472
9.761403
16.781335
22.801266
21.821197
24.841128
25.861059
21.880990
15.900921
9.920853
6.940784
5.960715
5.980646
8.000577
11.020508
11.040439
12.060370
15.080302
20.100233
26.120164
30.140095
32.160026
30.179957
29.199888
30.219820
27.239751
23.259682
18.279613
21.299544
23.319475
21.339406
14.359338
8.379269
6.399200
7.419131
6.439062
6.458993
11.478924
18.498856
21.518787
22.538718
21.558649
18.578580
16.598511
11.618442
9.638373
10.658305
13.678236
20.698167
16.718098
11.738029
-1.242040
-21.222109
-32.202177
-31.182246
-16.162315
-3.142384
0.877547
2.897478
5.917409
10.937341
15.957272
16.977203
19.997134
20.017065
19.036996
19.056927
22.076859
26.096790
27.116721
23.136652
15.156583
5.176514
-3.803555
-6.783624
-3.763692
2.256239
2.276170
0.296101
-5.683968
-9.664037
-10.644106
-10.624174
-11.604243
-12.584312
-12.564381
-10.544450
-7.524519
-8.504588
-10.484656
-14.464725
-21.444794
-29.424863
-33.404932
-26.385001
-24.365070
-19.345138
-17.325207
-18.305276
-20.285345
-17.265414
-11.245483
-7.225552
-9.205620
-19.185689
-26.165758
-26.145827
-19.125896
-10.105965
-1.086034
2.933897
5.953829
5.973760
1.993691
-8.986378
-13.966447
-12.946516
-9.926585
-4.906653
3.113278
9.133209
15.153140
18.173071
19.193002
18.212933
16.232865
11.252796
8.272727
12.292658
16.312589
15.332520
19.352451
34.372383
51.392314
59.412245
61.432176
64.452107
68.472038
67.491969
58.511900
36.531832
8.551763
-1.428306
9.591625
25.611556
32.631487
31.651418
30.671350
29.691281
28.711212
22.731143
17.751074
14.771005
14.790936
13.810868
11.830799
4.850730
-3.129339
-7.109408
-9.089477
-9.069546
-7.049614
-6.029683
-9.009752
-15.989821
-24.969890
-35.949959
-39.930028
-35.910097
-24.890165
-24.870234
-26.850303
-29.830372
-31.810441
-31.790510
-32.770579
-31.750647
-30.730716
-26.710785
-18.690854
-9.670923
-0.650992
2.368939
4.388871
6.408802
6.428733
3.448664
1.468595
0.488526
-0.491543
-0.471611
-0.451680
-2.431749
-5.411818
-7.391887
-10.371956
-13.352025
-14.332094
-11.312162
-6.292231
-2.272300
4.747631
7.767562
9.787493
9.807424
13.827356
20.847287
27.867218
28.887149
25.907080
12.927011
-0.053058
2.966874
16.986805
27.006736
29.026667
28.046598
29.066529
32.086460
40.106392
37.126323
39.146254
41.166185
41.186116
38.206047
31.225978
22.245910
20.265841
24.285772
26.305703
24.325634
21.345565
19.365496
14.385427
12.405359
12.425290
14.445221
12.465152
14.485083
17.505014
28.524945
40.544877
48.564808
49.584739
48.604670
42.624601
28.644532
15.664463
14.684395
26.704326
39.724257
44.744188
45.764119
46.784050
50.803981
53.823913
49.843844
46.863775
44.883706
42.903637
36.923568
21.943499
9.963430
0.983362
-1.996707
-6.976776
-12.956845
-17.936914
-18.916983
-18.897052
-16.877120
-15.857189
-16.837258
-21.817327
-26.797396
-32.777465
-33.757534
-33.737602
-34.717671
-36.697740
-33.677809
-24.657878
-18.637947
-15.618016
-12.598084
-8.578153
-1.558222
1.461709
3.481640
3.501571
0.521502
-3.458567
-6.438635
-5.418704
-3.398773
-3.378842
-4.358911
-5.338980
-6.319049
-11.299117
-22.279186
-27.259255
-17.239324
-0.219393
8.800538
8.820469
2.840401
-1.139668
-0.119737
2.900194
5.920125
6.940056
5.959987
3.979919
1.999850
-2.980219
-5.960288
-5.940357
-3.920426
-1.900495
0.119436
0.139368
-0.840701
-6.820770
-14.800839
-23.780908
-21.760977
-13.741046
-7.721114
-9.701183
-16.681252
-21.661321
-23.641390
-28.621459
-28.601528
-22.581596
-13.561665
-8.541734
-7.521803
-5.501872
-6.481941
-6.462010
-6.442078
-6.422147
-5.402216
-7.382285
-8.362354
-6.342423
2.677508
15.697439
22.717371
28.737302
31.757233
28.777164
22.797095
19.817026
25.836957
30.856889
30.876820
28.896751
27.916682
26.936613
24.956544
23.976475
23.996407
27.016338
24.036269
23.056200
21.076131
18.096062
15.115993
12.135925
8.155856
-2.824213
-12.804282
-13.784351
-5.764420
3.255511
11.275443
16.295374
18.315305
19.335236
21.355167
23.375098
20.395029
12.414960
3.434892
-2.545177
-6.525246
-11.505315
-17.485384
-22.465453
-23.445522
-21.425590
-20.405659
-23.385728
-25.365797
-24.345866
-25.325935
-28.306004
-36.286072
-34.266141
-19.246210
-6.226279
-4.206348
-9.186417
-19.166486
-28.146554
-38.126623
-41.106692
-36.086761
-26.066830
-14.046899
-4.026968
-1.007037
-0.987105
-2.967174
-2.947243
-0.927312
0.092619
2.112550
-1.867519
-3.847587
-4.827656
-3.807725
-1.787794
0.232137
1.252068
1.271999
2.291931
3.311862
4.331793
5.351724
2.371655
-0.608414
0.411517
7.431449
11.451380
8.471311
