3
2
-11.816472
-11.820396
-12.824319
-15.828243
-18.832167
-17.836090
-14.840014
-16.843938
-24.847862
-28.851785
-28.855709
-25.859633
-23.863557
-24.867480
-22.871404
-14.875328
-6.879252
-4.883175
-6.887099
-4.891023
0.105053
1.101130
-3.902794
-12.906718
-18.910642
-17.914565
-13.918489
-9.922413
-7.926337
-5.930260
-4.934184
-4.938108
-5.942032
-9.945955
-18.949879
-23.953803
-15.957727
0.038350
9.034426
10.030502
6.026578
1.022655
4.018731
10.014807
8.010883
1.006960
-4.996964
-4.000888
1.995188
2.991265
-0.012659
-6.016583
-12.020507
-7.024430
4.971646
18.967722
22.963799
21.959875
17.955951
8.952027
-5.051896
-22.055820
-27.059744
-19.063668
-11.067591
-11.071515
-11.075439
-3.079363
7.916714
10.912790
2.908866
-6.095058
-7.098981
-3.102905
-1.106829
-3.110753
-5.114676
-3.118600
4.877476
10.873552
14.869629
18.865705
19.861781
20.857857
18.853934
12.850010
4.846086
1.842162
2.838239
7.834315
11.830391
15.826467
12.822544
2.818620
-11.185304
-17.189228
-16.193151
-9.197075
-5.200999
-6.204923
-7.208846
-8.212770
-7.216694
-2.220617
5.775459
13.771535
17.767611
17.763688
15.759764
16.755840
19.751916
26.747993
30.744069
31.740145
26.736221
19.732298
9.728374
7.724450
6.720526
1.716603
-0.287321
6.708755
12.704831
14.700908
10.696984
4.693060
-1.310864
-4.314787
-7.318711
-12.322635
-16.326559
-14.330482
-13.334406
-15.338330
-19.342254
-17.346177
-11.350101
-6.354025
-6.357949
-7.361872
-7.365796
-5.369720
-0.373644
3.622433
7.618509
8.614585
9.610661
8.606738
7.602814
5.598890
1.594966
0.591043
8.587119
22.583195
32.579272
36.575348
38.571424
41.567500
43.563577
41.559653
33.555729
17.551805
0.547882
-9.456042
-9.459966
-6.463890
-3.467813
0.528263
3.524339
4.520415
7.516492
11.512568
15.508644
14.504720
12.500797
10.496873
9.492949
11.489025
12.485102
14.481178
18.477254
23.473330
24.469407
21.465483
14.461559
7.457635
8.453712
11.449788
17.445864
20.441940
21.438017
24.434093
24.430169
23.426245
18.422322
12.418398
11.414474
14.410550
10.406627
1.402703
-9.601221
-16.605145
-14.609068
-11.612992
-11.616916
-14.620839
-18.624763
-19.628687
-21.632611
-31.636534
-43.640458
-47.644382
-40.648306
-29.652229
-22.656153
-18.660077
-17.664001
-17.667924
-18.671848
-16.675772
-13.679696
-14.683619
-20.687543
-22.691467
-17.695391
-9.699314
-2.703238
0.292838
2.288914
5.284991
17.281067
28.277143
36.273219
37.269296
35.265372
31.261448
27.257524
22.253601
13.249677
1.245753
-9.758171
-12.762094
3.233982
31.230058
47.226134
52.222211
50.218287
46.214363
38.210439
32.206516
26.202592
21.198668
21.194744
19.190821
14.186897
16.182973
24.179050
33.175126
34.171202
32.167278
24.163355
11.159431
-2.844493
-14.848417
-9.852340
6.143736
20.139812
25.135888
26.131965
24.128041
18.124117
8.120193
4.116270
5.112346
4.108422
5.104498
7.100575
12.096651
13.092727
12.088803
13.084880
15.080956
9.077032
-2.926892
-13.930815
-16.934739
-17.938663
-17.942587
-13.946510
-10.950434
-11.954358
-17.958282
-26.962205
-37.966129
-44.970053
-44.973977
-35.977900
-22.981824
-10.985748
-2.989672
2.006405
7.002481
7.998557
5.994633
-0.009290
-8.013214
-11.017138
-8.021061
-2.024985
3.971091
4.967167
1.963244
-6.040680
-18.044604
-27.048528
-25.052451
-18.056375
-9.060299
5.935777
24.931854
34.927930
37.924006
36.920082
33.916159
25.912235
18.908311
13.904387
13.900464
11.896540
9.892616
7.888692
8.884769
11.880845
15.876921
15.872997
12.869074
13.865150
19.861226
21.857302
15.853379
4.849455
-3.154469
-6.158393
-5.162316
-2.166240
2.829836
2.825912
-2.178011
-5.181935
-3.185859
-1.189783
-0.193706
3.802370
-2.201554
2.794522
12.790599
21.786675
24.782751
23.778828
17.774904
9.770980
0.767056
4.763133
14.759209
27.755285
30.751361
28.747438
19.743514
7.739590
1.735666
8.731743
17.727819
21.723895
23.719971
24.716048
22.712124
21.708200
20.704276
18.700353
11.696429
7.692505
11.688581
20.684658
27.680734
30.676810
27.672886
17.668963
5.665039
4.661115
13.657191
19.653268
16.649344
15.645420
16.641496
18.637573
19.633649
18.629725
19.625801
22.621878
25.617954
26.614030
25.610106
21.606183
12.602259
0.598335
-3.405589
5.590488
17.586564
21.582640
20.578717
15.574793
9.570869
4.566945
0.563022
-6.440902
-14.444826
-15.448750
-14.452673
-14.456597
-12.460521
-9.464445
-6.468368
-5.472292
-6.476216
-8.480140
-8.484063
-11.487987
-9.491911
-4.495835
1.500242
7.496318
10.492394
12.488470
9.484547
-4.519377
-29.523301
-66.527225
-75.531148
-68.535072
-39.538996
-21.542920
-4.546843
6.449233
14.445309
21.441385
22.437462
20.433538
19.429614
5.425690
2.421767
8.417843
10.413919
10.409995
10.406072
13.402148
15.398224
15.394300
15.390377
17.386453
20.382529
23.378606
20.374682
14.370758
6.366834
1.362911
3.358987
6.355063
3.351139
-1.652784
-2.656708
-5.660632
-17.664556
-35.668479
-48.672403
-48.676327
-34.680251
-17.684174
-9.688098
-8.692022
-9.695946
-10.699869
-8.703793
-8.707717
-13.711641
-16.715564
-18.719488
-19.723412
-23.727336
-25.731259
-20.735183
-16.739107
-14.743031
-18.746954
-23.750878
-27.754802
-30.758726
-29.762649
-26.766573
-24.770497
-23.774421
-15.778344
-3.782268
8.213808
14.209884
19.205961
22.202037
24.198113
25.194189
27.190266
31.186342
26.182418
20.178495
13.174571
9.170647
7.166723
8.162800
18.158876
33.154952
42.151028
46.147105
48.143181
49.139257
48.135333
43.131410
35.127486
25.123562
22.119638
38.115715
56.111791
63.107867
59.103943
50.100020
36.096096
27.092172
25.088248
28.084325
27.080401
25.076477
17.072553
4.068630
-4.935294
-2.939218
1.056858
2.052935
5.049011
13.045087
19.041163
19.037240
20.033316
22.029392
22.025468
24.021545
28.017621
33.013697
37.009773
37.005850
33.001926
19.998002
0.994079
-7.009845
-0.013769
8.982307
12.978384
10.974460
8.970536
6.966612
2.962689
-5.041235
-12.045159
-19.049083
-20.053006
-15.056930
-12.060854
-15.064778
-26.068701
-39.072625
-37.076549
-15.080473
5.915604
14.911680
12.907756
13.903832
18.899909
24.895985
26.892061
24.888137
20.884214
14.880290
3.876366
-8.127558
-14.131481
-18.135405
-21.139329
-22.143253
-13.147176
-0.151100
9.844976
16.841052
15.837129
16.833205
15.829281
11.825357
2.821434
-5.182490
-10.186414
-12.190338
-16.194261
-20.198185
-21.202109
-19.206032
-17.209956
-17.213880
-23.217804
-26.221727
-26.225651
-26.229575
-34.233499
-43.237422
-50.241346
-75.245270
-84.249194
-78.253117
-68.257041
-65.260965
-68.264889
-74.268812
-76.272736
-74.276660
-67.280584
-45.284507
-34.288431
-26.292355
-20.296279
-16.300202
-11.304126
-4.308050
4.688026
13.684103
21.680179
32.676255
42.672331
48.668408
53.664484
56.660560
51.656636
33.652713
13.648789
1.644865
-2.359059
-5.362982
-6.366906
-3.370830
-0.374754
-1.378677
-6.382601
-9.386525
-10.390449
-6.394372
-3.398296
-3.402220
-9.406143
-15.410067
-17.413991
-20.417915
-19.421838
-8.425762
3.570314
9.566390
6.562467
2.558543
4.554619
9.550695
11.546772
10.542848
7.538924
3.535000
-0.468923
-6.472847
-11.476771
-11.480695
-1.484618
10.511458
18.507534
19.503610
15.499687
10.495763
8.491839
7.487915
6.483992
7.480068
13.476144
19.472220
23.468297
22.464373
20.460449
20.456525
23.452602
27.448678
30.444754
31.440830
31.436907
30.432983
29.429059
29.425135
26.421212
15.417288
-2.586636
-12.590560
-5.594483
5.401593
9.397669
7.393746
9.389822
12.385898
18.381974
11.378051
10.374127
10.370203
9.366279
8.362356
2.358432
-3.645492
-11.649416
-12.653339
-9.657263
-5.661187
-3.665111
-3.669034
-6.672958
-10.676882
-10.680806
-4.684729
0.311347
0.307423
-7.696501
-12.700424
-6.704348
8.291728
16.287804
18.283881
18.279957
14.276033
9.272109
8.268186
8.264262
8.260338
8.256414
10.252491
12.248567
15.244643
16.240719
15.236796
16.232872
21.228948
24.225024
24.221101
22.217177
15.213253
8.209329
2.205406
-1.798518
-1.802442
-4.806365
-6.810289
-6.814213
-7.818137
-8.822060
-16.825984
-27.829908
-32.833832
-31.837755
-29.841679
-26.845603
-21.849527
-12.853450
-1.857374
4.138702
16.134778
28.130855
36.126931
37.123007
30.119083
13.115160
-0.888764
-8.892688
-9.896612
-11.900535
-6.904459
7.091617
17.087693
24.083770
29.079846
32.075922
28.071998
12.068075
-12.935849
-25.939773
-24.943697
-21.947620
-20.951544
-22.955468
-23.959392
-22.963315
-21.967239
-24.971163
-24.975087
-21.979010
-15.982934
-14.986858
-18.990782
-25.994705
-25.998629
-20.002553
-13.006476
-8.010400
-2.014324
3.981752
8.977829
8.973905
6.969981
2.966057
-6.037866
-19.041790
-29.045714
-31.049638
-26.053561
-22.057485
-20.061409
-20.065333
-21.069256
-24.073180
-26.077104
-24.081028
-16.084951
-7.088875
-0.092799
6.903277
16.899354
24.895430
29.891506
30.887582
27.883659
22.879735
18.875811
17.871887
17.867964
22.864040
29.860116
34.856192
36.852269
34.848345
33.844421
25.840497
21.836574
20.832650
21.828726
23.824802
21.820879
11.816955
-2.186969
-14.190893
-17.194816
-14.198740
-12.202664
-10.206587
-6.210511
-2.214435
0.781641
4.777718
7.773794
7.769870
5.765946
1.762023
1.758099
1.754175
0.750251
3.746328
8.742404
13.738480
17.734556
21.730633
19.726709
12.722785
4.718861
-1.285062
-1.288986
-0.292910
0.703166
4.699243
12.695319
22.691395
28.687471
27.683548
18.679624
-0.324300
-25.328224
-46.332147
-69.336071
-72.339995
-70.343919
-70.347842
-67.351766
-50.355690
-41.359614
-30.363537
-22.367461
-17.371385
-18.375309
-22.379232
-31.383156
-42.387080
-48.391004
-47.394927
-45.398851
-41.402775
-34.406698
-28.410622
-29.414546
-34.418470
-36.422393
-32.426317
-24.430241
-18.434165
-20.438088
-21.442012
-25.445936
-31.449860
-37.453783
-39.457707
-37.461631
-35.465555
-33.469478
-28.473402
-23.477326
-19.481250
-16.485173
-16.489097
-20.493021
-26.496945
-28.500868
-25.504792
-18.508716
-12.512640
-12.516563
-16.520487
-22.524411
-27.528335
-27.532258
-25.536182
-21.540106
-9.544030
4.452047
15.448123
22.444199
27.440275
31.436352
33.432428
30.428504
29.424580
35.420657
45.416733
50.412809
46.408885
29.404962
5.401038
-9.602886
-12.606809
-17.610733
-24.614657
-26.618581
-23.622504
-19.626428
-17.630352
-17.634276
-17.638199
-15.642123
-12.646047
-7.649971
-3.653894
-4.657818
-4.661742
-3.665666
-1.669589
3.326487
10.322563
15.318639
16.314716
10.310792
1.306868
-8.697056
-11.700979
-8.704903
-12.708827
-19.712751
-22.716674
-18.720598
-12.724522
-8.728446
-4.732369
-4.736293
-7.740217
-10.744141
-13.748064
-13.751988
-6.755912
5.240164
14.236241
19.232317
20.228393
21.224469
20.220546
17.216622
16.212698
24.208774
34.204851
37.200927
30.197003
18.193080
8.189156
6.185232
9.181308
11.177385
9.173461
2.169537
3.165613
14.161690
25.157766
30.153842
33.149918
33.145995
34.142071
32.138147
32.134223
32.130300
29.126376
19.122452
5.118528
-14.885395
-32.889319
-30.893243
-11.897167
5.098910
12.094986
16.091062
21.087138
27.083215
30.079291
30.075367
27.071443
21.067520
10.063596
4.059672
7.055748
11.051825
11.047901
13.043977
17.040053
21.036130
21.032206
15.028282
2.024358
-12.979565
-21.983489
-20.987413
-15.991336
-15.995260
-22.999184
-29.003108
-30.007031
-25.010955
-19.014879
-14.018803
-10.022726
-5.026650
-1.030574
2.965502
7.961579
15.957655
26.953731
29.949807
27.945884
25.941960
27.938036
42.934112
60.930189
76.926265
81.922341
80.918417
72.914494
51.910570
22.906646
19.902722
36.898799
50.894875
50.890951
40.887027
23.883104
5.879180
-7.124744
-11.128668
-11.132591
-15.136515
-18.140439
-18.144363
-17.148286
-18.152210
-16.156134
-12.160058
-9.163981
-9.167905
-10.171829
-15.175753
-29.179676
-41.183600
-43.187524
-37.191447
-35.195371
-36.199295
-38.203219
-36.207142
-28.211066
-21.214990
-17.218914
-14.222837
-9.226761
2.769315
12.765391
16.761468
16.757544
22.753620
28.749696
33.745773
34.741849
32.737925
29.734001
28.730078
28.726154
18.722230
9.718306
5.714383
-3.289541
-13.293465
-19.297389
-16.301312
-11.305236
-6.309160
0.686916
10.682993
20.679069
24.675145
26.671221
26.667298
21.663374
10.659450
3.655526
2.651603
4.647679
1.643755
-2.360169
-5.364092
-6.368016
-5.371940
-4.375864
-4.379787
-5.383711
-13.387635
-27.391558
-34.395482
-30.399406
-25.403330
-25.407253
-28.411177
-29.415101
-29.419025
-32.422948
-43.426872
-53.430796
-67.434720
-66.438643
-63.442567
-53.446491
-49.450415
-46.454338
-35.458262
-23.462186
-12.466110
-9.470033
-9.473957
-12.477881
-16.481805
-17.485728
-12.489652
-3.493576
8.502500
2.498577
2.494653
4.490729
7.486805
12.482882
17.478958
23.475034
27.471110
26.467187
21.463263
19.459339
20.455415
20.451492
18.447568
20.443644
25.439720
29.435797
32.431873
33.427949
39.424025
46.420102
51.416178
48.412254
41.408331
34.404407
28.400483
20.396559
11.392636
7.388712
6.384788
5.380864
3.376941
-1.626983
-1.630907
5.365169
9.361246
16.357322
28.353398
34.349474
40.345551
43.341627
42.337703
34.333779
14.329856
-14.674068
-26.677992
-14.681916
7.314161
21.310237
25.306313
24.302389
22.298466
20.294542
18.290618
19.286694
20.282771
21.278847
20.274923
16.270999
7.267076
-2.736848
-8.740772
-6.744696
-1.748619
-1.752543
-7.756467
-17.760391
-20.764314
-14.768238
-6.772162
-3.776086
0.219991
6.216067
12.212143
8.208220
0.204296
-10.799628
-20.803552
-24.807475
-19.811399
-6.815323
4.180753
7.176830
2.172906
-3.831018
-1.834942
2.161135
2.157211
-4.846713
-13.850637
-16.854560
-15.858484
-16.862408
-18.866332
-22.870255
-26.874179
-30.878103
-29.882027
-25.885950
-22.889874
-24.893798
-25.897722
-23.901645
-21.905569
-20.909493
-20.913417
-22.917340
-22.921264
-20.925188
-17.929112
-15.933035
-15.936959
-18.940883
-22.944807
-16.948730
-10.952654
-4.956578
-1.960502
-2.964425
-8.968349
-11.972273
-11.976197
-7.980120
-5.984044
-3.987968
-2.991891
-0.995815
3.000261
6.996337
11.992414
15.988490
16.984566
19.980642
22.976719
22.972795
18.968871
12.964947
8.961024
6.957100
6.953176
6.949252
1.945329
-7.058595
-12.062519
-10.066443
-3.070366
4.925710
7.921786
6.917862
3.913939
-6.089985
-20.093909
-29.097833
-27.101756
-16.105680
-15.109604
-12.113528
-11.117451
-14.121375
-22.125299
-25.129223
-23.133146
-22.137070
-26.140994
-28.144918
-26.148841
-24.152765
-30.156689
-45.160613
-71.164536
-70.168460
-49.172384
-37.176308
-34.180231
-35.184155
-39.188079
-42.192002
-37.195926
-27.199850
-16.203774
-9.207697
-2.211621
5.784455
10.780531
13.776608
12.772684
8.768760
6.764836
11.760913
22.756989
28.753065
29.749141
25.745218
14.741294
-1.262630
-8.266554
-1.270477
9.725599
13.721675
9.717751
4.713828
1.709904
-3.294020
-1.297944
2.698133
3.694209
-0.309715
-9.313639
-13.317562
-9.321486
-4.325410
-11.329334
-25.333257
-37.337181
-38.341105
-31.345029
-27.348952
-26.352876
-23.356800
-16.360724
-10.364647
-3.368571
7.627505
6.623581
5.619658
0.615734
-5.388190
-14.392113
-29.396037
-46.399961
-67.403885
-68.407808
-54.411732
-53.415656
-68.419580
-78.423503
-81.427427
-71.431351
-50.435275
-42.439198
-37.443122
-34.447046
-30.450970
-31.454893
-31.458817
-25.462741
-17.466665
-10.470588
-9.474512
-15.478436
-27.482360
-37.486283
-34.490207
-25.494131
-16.498055
-8.501978
-4.505902
-1.509826
1.486250
3.482327
1.478403
-2.525521
-9.529445
-16.533368
-20.537292
-18.541216
-14.545140
-10.549063
-5.552987
3.443089
11.439165
12.435242
11.431318
15.427394
5.423470
1.419547
2.415623
8.411699
11.407776
9.403852
-2.600072
-15.603996
-16.607919
-10.611843
-9.615767
-14.619691
-10.623614
1.372462
13.368538
18.364614
17.360691
10.356767
-1.647157
-6.651081
-3.655004
4.341072
6.337148
-0.666776
-16.670699
-36.674623
-49.678547
-49.682471
-43.686394
-35.690318
-29.694242
-24.698166
-21.702089
-20.706013
-25.709937
-35.713861
-43.717784
-47.721708
-46.725632
-41.729556
-33.733479
-26.737403
-22.741327
-22.745251
-25.749174
-26.753098
-16.757022
-4.760946
2.235131
5.231207
11.227283
21.223360
31.219436
39.215512
44.211588
49.207665
51.203741
53.199817
54.195893
52.191970
47.188046
40.184122
30.180198
23.176275
19.172351
21.168427
26.164503
30.160580
32.156656
28.152732
21.148808
11.144885
3.140961
-2.862963
-4.866887
-4.870810
-3.874734
-3.878658
-3.882582
-3.886505
-6.890429
-8.894353
-6.898277
6.097800
18.093876
23.089952
25.086028
27.082105
30.078181
28.074257
23.070333
18.066410
17.062486
15.058562
8.054638
-3.949285
-6.953209
-0.957133
6.038943
9.035020
9.031096
9.027172
11.023249
12.019325
8.015401
1.011477
-2.992446
-5.996370
-18.000294
-27.004218
-29.008141
-26.012065
-24.015989
-27.019913
-31.023836
-34.027760
-33.031684
-28.035608
-22.039531
-17.043455
-11.047379
-5.051303
-2.055226
-2.059150
-1.063074
-3.066998
-11.070921
-23.074845
-31.078769
-33.082693
-27.086616
-19.090540
-12.094464
-8.098388
-5.102311
-4.106235
-1.110159
-12.114083
-21.118006
-29.121930
-33.125854
-30.129778
-27.133701
-27.137625
-30.141549
-26.145473
-16.149396
-9.153320
-5.157244
-3.161168
0.834909
9.830985
18.827061
22.823138
21.819214
17.815290
9.811366
8.807443
9.803519
8.799595
-0.204329
-15.208252
-30.212176
-45.216100
-54.220024
-68.223947
-57.227871
-45.231795
-25.235719
-11.239642
-8.243566
-14.247490
-22.251414
-29.255337
-35.259261
-35.263185
-31.267109
-27.271032
-25.274956
-26.278880
-25.282804
-20.286727
-15.290651
-13.294575
-14.298499
-13.302422
-3.306346
12.689730
24.685806
29.681883
29.677959
25.674035
11.670111
-7.333812
-16.337736
-14.341660
-8.345584
-3.349507
2.646569
11.642645
17.638721
26.634798
28.630874
30.626950
27.623027
22.619103
24.615179
34.611255
41.607332
38.603408
30.599484
24.595560
20.591637
13.587713
6.583789
6.579865
9.575942
19.572018
25.568094
26.564170
21.560247
11.556323
6.552399
7.548475
10.544552
10.540628
8.536704
9.532780
9.528857
6.524933
0.521009
-7.482915
-11.486838
-11.490762
-11.494686
-12.498610
-11.502533
-13.506457
-18.510381
-25.514305
-26.518228
-23.522152
-18.526076
-15.530000
-13.533923
-16.537847
-21.541771
-27.545695
-28.549618
-24.553542
-21.557466
-20.561390
-19.565313
-15.569237
-9.573161
-5.577084
-4.581008
-4.584932
-9.588856
-20.592779
-24.596703
-20.600627
-15.604551
-13.608474
-15.612398
-16.616322
-14.620246
-9.624169
-6.628093
-4.632017
-2.635941
-0.639864
1.356212
3.352288
7.348364
7.344441
6.340517
6.336593
4.332669
0.328746
-6.675178
-11.679102
-13.683026
-13.686949
-6.690873
-1.694797
1.301279
2.297356
0.293432
-2.710492
-2.714416
-5.718339
-8.722263
-7.726187
-5.730111
-5.734034
-12.737958
-14.741882
-8.745806
0.250271
5.246347
6.242423
7.238499
7.234576
10.230652
3.226728
-1.777195
-6.781119
-6.785043
-3.788967
-1.792890
2.203186
8.199262
15.195338
19.191415
19.187491
15.183567
12.179643
15.175720
23.171796
26.167872
17.163948
1.160025
-9.843899
-12.847823
-8.851747
-1.855670
-10.859594
-22.863518
-43.867442
-71.871365
-76.875289
-74.879213
-69.883137
-47.887060
-29.890984
-7.894908
6.101168
14.097245
20.093321
27.089397
34.085473
38.081550
36.077626
22.073702
5.069778
-3.934145
1.061931
6.058007
6.054083
4.050160
6.046236
11.042312
17.038388
18.034465
14.030541
-1.973383
-19.977306
-27.981230
-23.985154
-16.989078
-15.993001
-17.996925
-20.000849
-23.004773
-25.008696
-28.012620
-30.016544
-25.020468
-8.024391
5.971685
18.967761
30.963837
39.959914
43.955990
40.952066
36.948142
33.944219
34.940295
35.936371
32.932447
25.928524
21.924600
24.920676
27.916752
26.912829
19.908905
7.904981
-3.098943
-17.102866
-20.106790
-13.110714
-8.114638
-4.118561
-2.122485
-1.126409
-4.130333
-6.134256
-9.138180
-15.142104
-20.146028
-17.149951
-10.153875
-1.157799
4.838277
7.834354
11.830430
17.826506
21.822583
19.818659
11.814735
-2.189189
-14.193112
-16.197036
-13.200960
-11.204884
-15.208807
-24.212731
-27.216655
-14.220579
4.775498
17.771574
25.767650
30.763726
37.759803
45.755879
49.751955
50.748031
47.744108
37.740184
26.736260
21.732336
23.728413
25.724489
22.720565
18.716641
18.712718
24.708794
30.704870
33.700946
32.697023
29.693099
25.689175
20.685251
20.681328
26.677404
33.673480
36.669556
33.665633
28.661709
23.657785
18.653861
16.649938
17.646014
17.642090
13.638166
2.634243
-1.369681
13.626395
31.622472
40.618548
42.614624
42.610700
40.606777
30.602853
13.598929
-8.404995
-18.408918
-14.412842
-10.416766
-8.420690
-9.424613
-10.428537
-9.432461
-10.436385
-14.440308
-19.444232
-22.448156
-22.452080
-22.456003
-22.459927
-24.463851
-17.467775
-2.471698
12.524378
20.520454
24.516530
24.512607
18.508683
9.504759
2.500835
5.496912
8.492988
12.489064
12.485140
10.481217
8.477293
4.473369
2.469445
5.465522
7.461598
7.457674
5.453750
6.449827
12.445903
17.441979
19.438055
16.434132
11.430208
7.426284
6.422361
3.418437
-1.585487
-5.589411
-1.593334
15.402742
27.398818
32.394894
29.390971
27.387047
28.383123
25.379199
24.375276
28.371352
34.367428
35.363504
33.359581
27.355657
21.351733
18.347809
13.343886
4.339962
2.336038
9.332114
22.328191
31.324267
33.320343
31.316419
26.312496
20.308572
17.304648
11.300724
-2.703199
-18.707123
-31.711047
-34.714971
-24.718894
-9.722818
-2.726742
-0.730666
-1.734589
-3.738513
-4.742437
-4.746361
-4.750284
-5.754208
-3.758132
3.237945
8.234021
11.230097
15.226173
23.222250
31.218326
38.214402
44.210478
45.206555
45.202631
36.198707
20.194783
4.190860
2.186936
7.183012
12.179088
11.175165
12.171241
12.167317
10.163393
8.159470
9.155546
14.151622
22.147698
27.143775
30.139851
29.135927
27.132003
26.128080
22.124156
15.120232
13.116308
19.112385
23.108461
20.104537
7.100613
-6.903310
-14.907234
-13.911158
-7.915082
-2.919005
-2.922929
-2.926853
-1.930777
0.065300
3.061376
8.057452
15.053528
21.049605
25.045681
24.041757
24.037834
31.033910
40.029986
45.026062
47.022139
46.018215
43.014291
41.010367
41.006444
43.002520
38.998596
26.994672
14.990749
7.986825
9.982901
13.978977
17.975054
17.971130
14.967206
0.963282
-15.040641
-30.044565
-29.048489
-21.052413
-16.056336
-19.060260
-25.064184
-32.068108
-35.072031
-34.075955
-31.079879
-30.083803
-26.087726
-20.091650
-16.095574
-20.099498
-33.103421
-46.107345
-54.111269
-70.115193
-59.119116
-51.123040
-42.126964
-35.130888
-29.134811
-25.138735
-22.142659
-21.146583
-18.150506
-16.154430
-14.158354
-10.162277
-6.166201
-4.170125
-4.174049
-5.177972
-5.181896
2.814180
14.810256
26.806333
38.802409
52.798485
62.794561
62.790638
54.786714
42.782790
32.778866
28.774943
23.771019
15.767095
5.763171
-1.240752
-4.244676
-5.248600
-12.252524
-21.256447
-25.260371
-23.264295
-15.268219
-12.272142
-6.276066
-5.279990
-9.283914
-14.287837
-10.291761
-1.295685
7.700391
5.696468
-6.307456
-24.311380
-33.315304
-31.319227
-22.323151
-15.327075
-12.330999
-13.334922
-15.338846
-22.342770
-25.346694
-28.350617
-27.354541
-24.358465
-19.362388
-17.366312
-14.370236
-14.374160
-15.378083
-13.382007
-10.385931
-7.389855
-8.393778
-11.397702
-10.401626
-12.405550
-9.409473
-7.413397
-7.417321
-5.421245
-0.425168
2.570908
1.566984
-0.436940
-3.440863
-5.444787
-8.448711
-14.452635
-22.456558
-30.460482
-31.464406
-35.468330
-43.472253
-53.476177
-55.480101
-48.484025
-39.487948
-33.491872
-24.495796
-11.499720
-2.503643
0.492433
0.488509
0.484585
0.480662
0.476738
3.472814
5.468890
6.464967
4.461043
5.457119
12.453195
20.449272
22.445348
21.441424
18.437501
13.433577
5.429653
-4.574271
-9.578194
-5.582118
-2.586042
-7.589966
-11.593889
-8.597813
-2.601737
2.394339
3.390416
2.386492
1.382568
3.378644
13.374721
25.370797
34.366873
40.362949
47.359026
60.355102
69.351178
70.347254
68.343331
62.339407
52.335483
45.331559
38.327636
28.323712
17.319788
5.315864
-4.688059
-14.691983
-19.695907
-24.699831
-28.703754
-32.707678
-34.711602
-33.715526
-29.719449
-24.723373
-19.727297
-20.731221
-26.735144
-36.739068
-41.742992
-38.746916
-33.750839
-29.754763
-27.758687
-27.762610
-30.766534
-40.770458
-69.774382
-78.778305
-71.782229
-40.786153
-18.790077
-5.794000
1.202076
5.198152
7.194228
9.190305
10.186381
16.182457
24.178533
27.174610
28.170686
27.166762
23.162838
19.158915
18.154991
22.151067
30.147143
38.143220
45.139296
53.135372
58.131448
63.127525
64.123601
58.119677
42.115753
16.111830
-14.892094
-32.896018
-30.899942
-18.903865
-11.907789
-10.911713
-7.915637
-2.919560
0.076516
-0.927408
-5.931332
-6.935255
-3.939179
-0.943103
-0.947027
-3.950950
-11.954874
-20.958798
-23.962721
-18.966645
-7.970569
4.025507
15.021584
23.017660
27.013736
26.009812
24.005889
20.001965
19.998041
22.994117
19.990194
8.986270
-5.017654
-14.021578
-13.025501
-11.029425
-12.033349
-14.037273
-16.041196
-20.045120
-21.049044
-20.052968
-17.056891
-16.060815
-20.064739
-31.068663
-47.072586
-55.076510
-40.080434
-22.084358
-14.088281
-16.092205
-24.096129
-34.100053
-39.103976
-42.107900
-41.111824
-37.115748
-29.119671
-24.123595
-21.127519
-20.131443
-20.135366
-24.139290
-27.143214
-18.147138
-9.151061
-2.154985
-0.158909
-4.162832
-10.166756
-9.170680
-6.174604
-1.178527
1.817549
-0.186375
-2.190299
-5.194222
-7.198146
-5.202070
-0.205994
2.790083
1.786159
-4.217765
-16.221689
-28.225612
-31.229536
-30.233460
-28.237384
-27.241307
-28.245231
-27.249155
-27.253079
-26.257002
-31.260926
-31.264850
-30.268774
-26.272697
-22.276621
-19.280545
-17.284469
-10.288392
-0.292316
6.703760
8.699836
7.695913
5.691989
5.688065
6.684141
7.680218
-0.323706
-7.327630
-11.331554
-11.335477
-8.339401
-6.343325
-8.347249
-8.351172
-8.355096
-0.359020
5.637057
7.633133
4.629209
-4.374715
-11.378638
-8.382562
-3.386486
-3.390410
-6.394333
-6.398257
-2.402181
0.593895
-0.410028
-7.413952
-15.417876
-16.421800
-10.425723
-4.429647
-1.433571
-2.437495
-8.441418
-22.445342
-44.449266
-81.453190
-96.457113
-98.461037
-87.464961
-75.468885
-57.472808
-52.476732
-46.480656
-38.484580
-31.488503
-24.492427
-19.496351
-15.500275
-12.504198
-12.508122
-7.512046
-3.515970
0.480107
3.476183
7.472259
11.468335
14.464412
15.460488
15.456564
18.452640
23.448717
24.444793
19.440869
13.436946
1.433022
-19.570902
-39.574826
-44.578749
-37.582673
-28.586597
-23.590521
-21.594444
-20.598368
-21.602292
-22.606216
-22.610139
-19.614063
-13.617987
-9.621911
-6.625834
-2.629758
-4.633682
-7.637606
-5.641529
6.354547
26.350623
37.346699
39.342776
32.338852
12.334928
-22.668996
-48.672919
-74.676843
-81.680767
-81.684691
-75.688614
-60.692538
-57.696462
-56.700386
-50.704309
-36.708233
-23.712157
-17.716081
-18.720004
-22.723928
-29.727852
-37.731776
-44.735699
-53.739623
-57.743547
-49.747470
-40.751394
-34.755318
-35.759242
-36.763165
-32.767089
-23.771013
-17.774937
-10.778860
-1.782784
11.213292
21.209368
26.205445
31.201521
34.197597
34.193673
34.189750
40.185826
49.181902
53.177978
53.174055
41.170131
21.166207
-1.837717
-16.841640
-20.845564
-15.849488
-14.853412
-20.857335
-21.861259
-17.865183
-11.869107
-12.873030
-16.876954
-20.880878
-15.884802
-0.888725
10.107351
18.103427
21.099503
21.095580
21.091656
21.087732
13.083808
0.079885
-16.924039
-30.927963
-38.931887
-40.935810
-37.939734
-32.943658
-28.947581
-23.951505
-16.955429
-11.959353
-7.963276
-3.967200
0.028876
5.024952
6.021029
2.017105
-2.986819
-4.990743
-6.994666
-14.998590
-32.002514
-41.006438
-41.010361
-33.014285
-24.018209
-14.022133
-5.026056
0.970020
0.966096
-1.037828
-6.041751
-16.045675
-31.049599
-52.053523
-73.057446
-48.061370
-27.065294
-20.069218
-21.073141
-24.077065
-28.080989
-30.084913
-29.088836
-27.092760
-22.096684
-15.100608
-10.104531
-10.108455
-15.112379
-22.116303
-27.120226
-25.124150
-21.128074
-19.131998
-20.135921
-25.139845
-28.143769
-17.147692
3.848384
15.844460
18.840536
17.836613
15.832689
9.828765
1.824841
-4.179082
-5.183006
-5.186930
-8.190854
-11.194777
-6.198701
0.797375
5.793451
4.789528
2.785604
3.781680
6.777756
8.773833
4.769909
-3.234015
-9.237939
-6.241862
-1.245786
-1.249710
-1.253634
1.742443
5.738519
9.734595
10.730671
9.726748
6.722824
1.718900
-0.285024
-2.288947
-3.292871
-6.296795
-10.300719
-12.304642
-8.308566
-4.312490
-5.316414
-9.320337
-13.324261
-15.328185
-14.332109
-10.336032
-7.339956
-6.343880
-15.347803
-27.351727
-28.355651
-10.359575
11.636502
21.632578
18.628654
12.624730
1.620807
-13.383117
-25.387041
-24.390965
-19.394888
-18.398812
-21.402736
-17.406660
-4.410583
9.585493
15.581569
14.577645
12.573722
9.569798
15.565874
28.561950
39.558027
41.554103
38.550179
39.546255
44.542332
53.538408
63.534484
70.530560
67.526637
63.522713
58.518789
50.514865
41.510942
23.507018
4.503094
-13.500830
-19.504753
-2.508677
14.487399
23.483475
25.479552
28.475628
35.471704
42.467780
47.463857
47.459933
41.456009
27.452086
16.448162
16.444238
20.440314
18.436391
10.432467
1.428543
-8.575381
-11.579304
-8.583228
-4.587152
-1.591076
-0.594999
4.401077
14.397153
22.393229
22.389306
18.385382
8.381458
-5.622466
-9.626389
-2.630313
8.365763
13.361839
14.357916
9.353992
2.350068
1.346144
6.342221
15.338297
23.334373
28.330449
31.326526
31.322602
27.318678
20.314754
7.310831
-9.693093
-17.697017
-11.700941
3.295136
16.291212
23.287288
23.283364
19.279441
7.275517
-13.728407
-33.732331
-35.736254
-22.740178
-8.744102
1.251975
3.248051
3.244127
4.240203
4.236280
2.232356
0.228432
-3.775492
-12.779415
-19.783339
-20.787263
-18.791187
-15.795110
-13.799034
-10.802958
-5.806882
6.189195
21.185271
30.181347
31.177423
30.173500
20.169576
1.165652
-28.838272
-39.842195
-32.846119
-18.850043
-14.853967
-18.857890
-23.861814
-25.865738
-22.869662
-21.873585
-23.877509
-23.881433
-19.885357
-12.889280
-8.893204
-5.897128
-0.901052
13.095025
32.091101
43.087177
44.083253
44.079330
38.075406
29.071482
18.067558
-1.936365
-29.940289
-46.944213
-38.948136
-18.952060
-0.955984
6.040092
9.036169
11.032245
12.028321
6.024397
-6.979526
-17.983450
-18.987374
-17.991298
-15.995221
-8.999145
-0.003069
7.993007
7.989084
9.985160
13.981236
18.977312
24.973389
28.969465
29.965541
23.961617
15.957694
9.953770
6.949846
5.945922
10.941999
14.938075
14.934151
14.930227
15.926304
11.922380
-0.081544
-13.085468
-10.089391
9.906685
28.902761
36.898837
36.894914
32.890990
21.887066
11.883142
3.879219
-1.124705
-3.128629
0.867447
9.863524
14.859600
21.855676
26.851753
29.847829
28.843905
21.839981
9.836058
2.832134
2.828210
6.824286
11.820363
11.816439
11.812515
17.808591
24.804668
29.800744
31.796820
33.792896
34.788973
31.785049
24.781125
22.777201
29.773278
40.769354
46.765430
46.761506
39.757583
20.753659
-6.250265
-19.254189
-10.258112
9.737964
19.734040
22.730116
23.726193
30.722269
38.718345
42.714421
41.710498
40.706574
39.702650
40.698726
40.694803
40.690879
41.686955
42.683031
40.679108
38.675184
33.671260
23.667336
11.663413
6.659489
7.655565
8.651642
11.647718
19.643794
28.639870
32.635947
35.632023
38.628099
38.624175
36.620252
34.616328
34.612404
32.608480
25.604557
14.600633
5.596709
-1.407215
-2.411138
4.584938
4.581014
0.577090
-3.426833
-3.430757
-2.434681
-2.438605
-2.442528
-1.446452
1.549624
6.545700
10.541777
13.537853
13.533929
12.530005
11.526082
8.522158
1.518234
-13.485690
-20.489613
-21.493537
-18.497461
-18.501385
-18.505308
-18.509232
-18.513156
-22.517080
-29.521003
-32.524927
-29.528851
-24.532774
-10.536698
5.459378
16.455454
20.451531
21.447607
22.443683
19.439759
11.435836
1.431912
0.427988
13.424064
25.420141
30.416217
29.412293
23.408369
13.404446
3.400522
-2.603402
-5.607326
-6.611249
-10.615173
-15.619097
-23.623021
-20.626944
-9.630868
1.365208
3.361284
-0.642639
-9.646563
-17.650487
-21.654411
-22.658334
-23.662258
-27.666182
-31.670106
-27.674029
-13.677953
3.318123
15.314199
20.310276
21.306352
21.302428
20.298504
21.294581
22.290657
15.286733
4.282809
-6.721114
-12.725038
-11.728962
-1.732885
6.263191
12.259267
15.255343
19.251420
23.247496
24.243572
22.239648
13.235725
8.231801
7.227877
12.223953
17.220030
21.216106
23.212182
25.208258
25.204335
19.200411
16.196487
18.192563
20.188640
15.184716
7.180792
3.176868
5.172945
6.169021
0.165097
-9.838827
-15.842750
-15.846674
-16.850598
-18.854522
-18.858445
-15.862369
-10.866293
-6.870217
-4.874140
-2.878064
0.118012
5.114088
14.110165
21.106241
24.102317
27.098393
30.094470
30.090546
24.086622
7.082698
-10.921225
-19.925149
-21.929073
-21.932996
-23.936920
-30.940844
-34.944768
-34.948691
-32.952615
-28.956539
-27.960463
-28.964386
-26.968310
-16.972234
-5.976158
0.019919
1.015995
-0.987929
-4.991853
-10.995776
-16.999700
-19.003624
-26.007548
-31.011471
-33.015395
-27.019319
-20.023243
-17.027166
-16.031090
-17.035014
-21.038938
-27.042861
-35.046785
-36.050709
-30.054633
-22.058556
-19.062480
-21.066404
-25.070328
-29.074251
-29.078175
-29.082099
-29.086023
-32.089946
-37.093870
-40.097794
-40.101718
-36.105641
-29.109565
-17.113489
-8.117413
-4.121336
1.874740
9.870816
14.866893
16.862969
20.859045
21.855121
22.851198
21.847274
14.843350
2.839426
-11.164497
-13.168421
-11.172345
-13.176269
-23.180192
-40.184116
-50.188040
-57.191964
-63.195887
-63.199811
-53.203735
-41.207659
-32.211582
-26.215506
-23.219430
-22.223354
-23.227277
-24.231201
-26.235125
-21.239049
-3.242972
15.753104
29.749180
35.745256
37.741333
33.737409
16.733485
-10.270439
-37.274362
-51.278286
-46.282210
-27.286134
-13.290057
-9.293981
-7.297905
-6.301829
-6.305752
-10.309676
-14.313600
-16.317524
-14.321447
-10.325371
-7.329295
-6.333218
-7.337142
-8.341066
-11.344990
-18.348913
-26.352837
-29.356761
-27.360685
-24.364608
-24.368532
-26.372456
-28.376380
-28.380303
-25.384227
-16.388151
-4.392075
-0.395998
-0.399922
-0.403846
5.592230
16.588307
21.584383
24.580459
26.576535
25.572612
25.568688
27.564764
29.560840
33.556917
36.552993
34.549069
25.545145
15.541222
8.537298
14.533374
17.529450
18.525527
15.521603
12.517679
11.513755
11.509832
4.505908
-10.498016
-25.501940
-30.505863
-25.509787
-14.513711
-10.517635
-11.521558
-18.525482
-29.529406
-33.533329
-33.537253
-32.541177
-33.545101
-31.549024
-27.552948
-25.556872
-24.560796
-26.564719
-27.568643
-25.572567
-21.576491
-19.580414
-16.584338
-8.588262
-1.592186
1.403891
-4.600033
-17.603957
-26.607881
-22.611804
-11.615728
1.380348
7.376424
10.372501
13.368577
15.364653
13.360729
7.356806
-2.647118
-8.651042
-6.654966
-2.658889
1.337187
2.333263
4.329339
8.325416
10.321492
8.317568
5.313644
4.309721
1.305797
-3.698127
-7.702051
-11.705974
-12.709898
-11.713822
-9.717746
-0.721669
4.274407
7.270483
8.266560
6.262636
0.258712
-9.745212
-23.749135
-35.753059
-34.756983
-19.760907
-4.764830
1.231246
-0.772678
0.223398
-4.780525
-11.784449
-13.788373
-11.792297
-11.796220
-13.800144
-7.804068
2.192008
14.188085
21.184161
22.180237
21.176313
19.172390
22.168466
32.164542
42.160618
46.156695
44.152771
40.148847
36.144923
34.141000
31.137076
29.133152
25.129228
17.125305
7.121381
5.117457
7.113533
8.109610
9.105686
11.101762
16.097838
17.093915
12.089991
-2.913933
-20.917857
-31.921780
-35.925704
-35.929628
-34.933551
-29.937475
-19.941399
-9.945323
-2.949246
1.046830
3.042906
6.038982
6.035059
7.031135
9.027211
8.023287
-0.980636
-15.984560
-22.988484
-18.992408
-10.996331
-5.000255
-4.004179
-2.008103
-3.012026
-3.015950
-4.019874
-5.023798
-2.027721
0.968355
5.964431
5.960507
9.956584
14.952660
20.948736
23.944812
26.940889
27.936965
28.933041
29.929117
30.925194
31.921270
30.917346
29.913422
29.909499
32.905575
37.901651
42.897727
48.893804
52.889880
53.885956
55.882032
52.878109
47.874185
41.870261
32.866338
28.862414
26.858490
21.854566
16.850643
13.846719
13.842795
12.838871
11.834948
2.831024
-6.172900
-19.176824
-23.180747
-18.184671
-8.188595
-0.192519
4.803558
8.799634
8.795710
7.791786
6.787863
11.783939
24.780015
40.776091
55.772168
61.768244
61.764320
59.760396
51.756473
24.752549
-8.251375
-38.255299
-33.259222
-14.263146
-1.267070
3.729006
6.725083
9.721159
11.717235
11.713311
11.709388
13.705464
18.701540
23.697616
25.693693
26.689769
24.685845
25.681921
32.677998
36.674074
34.670150
31.666227
25.662303
24.658379
25.654455
22.650532
13.646608
3.642684
4.638760
18.634837
36.630913
47.626989
51.623065
53.619142
58.615218
63.611294
66.607370
66.603447
65.599523
60.595599
50.591675
40.587752
39.583828
54.579904
73.575980
82.572057
85.568133
85.564209
80.560285
67.556362
50.552438
37.548514
33.544590
39.540667
30.536743
23.532819
19.528895
23.524972
37.521048
54.517124
65.513200
66.509277
63.505353
55.501429
47.497505
39.493582
33.489658
28.485734
33.481811
43.477887
52.473963
55.470039
52.466116
43.462192
37.458268
37.454344
39.450421
43.446497
44.442573
45.438649
49.434726
55.430802
58.426878
60.422954
60.419031
54.415107
37.411183
16.407259
7.403336
11.399412
16.395488
18.391564
21.387641
25.383717
28.379793
30.375869
30.371946
27.368022
15.364098
-3.639826
-13.643749
-14.647673
-15.651597
-19.655521
-19.659444
-5.663368
13.332708
26.328784
25.324861
14.320937
-2.682987
-24.686911
-43.690834
-48.694758
-46.698682
-41.702606
-36.706529
-33.710453
-30.714377
-25.718300
-22.722224
-21.726148
-20.730072
-16.733995
-11.737919
-8.741843
-7.745767
-6.749690
-11.753614
-13.757538
-11.761462
-11.765385
-12.769309
-12.773233
-0.777157
11.218920
10.214996
4.211072
-4.792852
-0.796775
3.199301
12.195377
19.191453
24.187530
29.183606
34.179682
37.175758
37.171835
37.167911
39.163987
38.160063
28.156140
5.152216
-6.851708
-0.855632
9.140445
14.136521
12.132597
9.128673
7.124750
2.120826
-12.883098
-36.887022
-46.890945
-41.894869
-34.898793
-33.902717
-38.906640
-41.910564
-35.914488
-26.918411
-17.922335
-8.926259
0.069817
7.065894
10.061970
13.058046
13.054122
12.050199
16.046275
20.042351
23.038427
21.034504
19.030580
14.026656
5.022732
-3.981191
-7.985115
-3.989039
7.007037
15.003114
18.999190
20.995266
20.991342
20.987419
19.983495
18.979571
16.975647
17.971724
20.967800
22.963876
20.959952
11.956029
-0.047895
-11.051819
-20.055743
-25.059666
-20.063590
-12.067514
-7.071438
-10.075361
-18.079285
-24.083209
-26.087133
-19.091056
-12.094980
-8.098904
-10.102828
-19.106751
-30.110675
-37.114599
-34.118522
-26.122446
-22.126370
-21.130294
-22.134217
-26.138141
-29.142065
-29.145989
-28.149912
-29.153836
-31.157760
-31.161684
-28.165607
-20.169531
-9.173455
-2.177379
4.818698
5.814774
6.810850
8.806926
12.803003
16.799079
16.795155
16.791231
20.787308
28.783384
32.779460
32.775536
25.771613
14.767689
11.763765
18.759841
25.755918
26.751994
19.748070
11.744146
9.740223
10.736299
7.732375
-0.271549
-7.275472
-9.279396
-9.283320
-9.287244
-10.291167
-11.295091
-8.299015
-9.302939
-9.306862
-6.310786
-3.314710
-0.318633
2.677443
4.673519
8.669595
8.665672
4.661748
2.657824
3.653900
5.649977
-2.353947
-16.357871
-24.361795
-27.365718
-29.369642
-31.373566
-33.377490
-33.381413
-31.385337
-29.389261
-28.393185
-26.397108
-23.401032
-19.404956
-14.408880
-12.412803
-12.416727
-20.420651
-42.424575
-55.428498
-58.432422
-46.436346
-28.440270
-12.444193
-2.448117
-0.452041
-3.455965
-8.459888
-11.463812
-10.467736
-7.471660
-5.475583
-8.479507
-8.483431
-6.487355
-4.491278
-12.495202
-25.499126
-34.503050
-42.506973
-47.510897
-47.514821
-37.518744
-24.522668
-16.526592
-17.530516
-23.534439
-35.538363
-40.542287
-35.546211
-29.550134
-27.554058
-29.557982
-33.561906
-35.565829
-37.569753
-44.573677
-53.577601
-54.581524
-48.585448
-41.589372
-36.593296
-33.597219
-32.601143
-27.605067
-19.608991
-13.612914
-12.616838
-14.620762
-15.624686
-17.628609
-20.632533
-19.636457
-13.640381
-7.644304
-5.648228
-9.652152
-9.656076
-5.659999
4.336077
9.332153
11.328229
9.324306
15.320382
32.316458
44.312534
48.308611
45.304687
36.300763
19.296839
-5.707084
-26.711008
-24.714932
-13.718855
-7.722779
-7.726703
-6.730627
-6.734550
-4.738474
-6.742398
-5.746322
-1.750245
-6.754169
-12.758093
-27.762017
-42.765940
-50.769864
-48.773788
-46.777712
-48.781635
-57.785559
-78.789483
-79.793407
-63.797330
-57.801254
-53.805178
-44.809102
-31.813025
-19.816949
-8.820873
-3.824797
-0.828720
-1.832644
-3.836568
-7.840492
-8.844415
-5.848339
2.147737
9.143813
12.139890
12.135966
7.132042
9.128118
12.124195
9.120271
12.116347
26.112423
39.108500
45.104576
50.100652
51.096728
56.092805
59.088881
58.084957
57.081034
53.077110
43.073186
28.069262
24.065339
31.061415
41.057491
45.053567
41.049644
26.045720
11.041796
8.037872
10.033949
11.030025
8.026101
6.022177
4.018254
1.014330
3.010406
7.006482
12.002559
11.998635
10.994711
11.990787
9.986864
1.982940
-5.020984
-5.024908
-0.028831
3.967245
2.963321
-2.040603
-6.044526
-11.048450
-20.052374
-28.056298
-31.060221
-30.064145
-26.068069
-23.071993
-23.075916
-20.079840
-17.083764
-12.087688
-8.091611
-6.095535
-5.099459
-1.103383
9.892694
19.888770
27.884846
31.880923
34.876999
33.873075
26.869151
16.865228
14.861304
14.857380
13.853456
13.849533
12.845609
9.841685
9.837761
11.833838
14.829914
18.825990
21.822066
20.818143
18.814219
10.810295
6.806371
11.802448
19.798524
24.794600
25.790676
27.786753
29.782829
28.778905
22.774981
13.771058
5.767134
2.763210
3.759286
2.755363
1.751439
7.747515
12.743591
13.739668
9.735744
8.731820
9.727896
10.723973
9.720049
9.716125
15.712201
17.708278
17.704354
14.700430
11.696507
7.692583
0.688659
-16.315265
-44.319188
-65.323112
-61.327036
-46.330960
-32.334883
-22.338807
-15.342731
-12.346655
-11.350578
-13.354502
-18.358426
-21.362350
-16.366273
-8.370197
-4.374121
-3.378045
-4.381968
-6.385892
-13.389816
-20.393740
-20.397663
-17.401587
-19.405511
-25.409435
-31.413358
-30.417282
-23.421206
-14.425130
-9.429053
-4.432977
1.563099
7.559175
8.555252
3.551328
-4.452596
-8.456520
-11.460443
-4.464367
4.531709
8.527785
7.523862
5.519938
-0.483986
-14.487910
-33.491833
-52.495757
-48.499681
-31.503604
-20.507528
